AccNo	A	R	N	D	C	Q	E	G	H	I	L	K	M	F	P	S	T	W	Y	V
ANDN920101	0.494	0.531	0.988	1.0	0.864	0.519	0.42	0.025	0.84	0.0	0.272	0.506	0.704	0.877	0.605	0.679	0.494	0.926	0.802	0.0
ARGP820101	0.23	0.226	0.023	0.174	0.404	0.0	0.177	0.026	0.23	0.838	0.577	0.434	0.445	0.762	0.736	0.019	0.019	1.0	0.709	0.498
ARGP820102	0.355	0.047	0.057	0.0	0.579	0.211	0.019	0.138	0.082	0.44	1.0	0.003	0.824	0.601	0.223	0.289	0.248	0.226	0.107	0.324
ARGP820103	0.504	0.11	0.046	0.0	0.387	0.131	0.032	0.17	0.053	0.543	0.989	0.004	1.0	0.67	0.22	0.238	0.273	0.333	0.191	0.355
BEGF750101	1.0	0.489	0.309	0.404	0.0	0.404	0.713	0.309	0.574	0.713	1.0	0.574	1.0	0.574	0.0	0.309	0.404	0.713	0.404	0.809
BEGF750102	0.512	0.395	0.0	0.233	0.233	0.395	0.0	0.233	0.651	1.0	0.651	0.0	1.0	1.0	0.0	0.0	0.651	0.512	0.651	1.0
BEGF750103	0.0	0.783	1.0	1.0	0.783	0.45	0.267	1.0	0.633	0.0	0.267	0.633	0.45	0.267	1.0	0.783	0.633	1.0	0.783	0.0
BHAR880101	0.249	0.94	0.675	0.867	0.205	0.795	0.811	1.0	0.112	0.671	0.281	0.687	0.0	0.076	0.859	0.851	0.598	0.04	0.502	0.365
BIGC670101	0.164	0.735	0.398	0.324	0.323	0.539	0.488	0.0	0.561	0.663	0.663	0.694	0.62	0.783	0.376	0.188	0.352	1.0	0.806	0.492
BIOV880101	0.476	0.215	0.203	0.191	0.936	0.206	0.106	0.388	0.579	0.885	0.867	0.0	0.803	1.0	0.367	0.215	0.312	0.867	0.588	0.8
BIOV880102	0.661	0.342	0.33	0.276	0.792	0.202	0.14	0.513	0.67	0.821	0.843	0.0	0.88	0.957	0.433	0.365	0.382	1.0	0.598	0.869
BROC820101	0.565	0.192	0.12	0.216	0.0	0.305	0.072	0.274	0.243	0.541	1.0	0.188	0.507	0.973	0.49	0.175	0.342	0.873	0.517	0.435
BROC820102	0.567	0.545	0.358	0.358	0.0	0.502	0.212	0.374	0.508	0.788	0.913	0.368	0.573	0.903	0.62	0.336	0.48	1.0	0.564	0.511
BULH740101	0.863	0.893	0.969	0.863	0.767	1.0	0.824	0.939	0.893	0.076	0.0	0.805	0.378	0.05	0.565	0.79	0.74	0.172	0.084	0.344
BULH740102	0.468	0.599	0.134	0.0	0.232	0.32	0.261	0.12	0.31	0.884	1.0	0.736	0.532	0.697	0.606	0.127	0.342	0.651	0.651	0.771
BUNA790101	0.943	0.946	1.0	0.961	0.95	0.962	0.957	0.959	0.962	0.937	0.963	0.961	0.962	0.941	0.0	0.958	0.942	0.925	0.936	0.964
BUNA790102	0.475	0.535	0.987	1.0	0.9	0.506	0.407	0.0	0.83	0.318	0.521	0.487	0.682	0.871	0.629	0.663	0.472	0.921	0.797	0.267
BUNA790103	0.691	0.734	0.798	0.745	0.819	0.638	0.745	0.596	0.851	0.745	0.691	0.691	0.0	1.0	0.0	0.691	0.734	0.0	0.723	0.745
BURA740101	0.876	0.34	0.175	0.402	0.191	0.713	1.0	0.0	0.67	0.598	0.718	0.675	0.711	0.474	0.211	0.191	0.364	0.818	0.098	0.62
BURA740102	0.264	0.486	0.087	0.213	1.0	0.381	0.186	0.336	0.0	0.634	0.601	0.195	0.526	0.354	0.42	0.462	0.565	0.093	0.688	0.886
CHAM810101	0.51	0.667	0.745	0.745	0.608	0.667	0.667	0.0	0.686	1.0	0.961	0.667	0.765	0.686	0.353	0.52	0.49	0.686	0.686	0.745
CHAM820101	0.112	0.711	0.328	0.257	0.313	0.44	0.369	0.0	0.562	0.455	0.455	0.535	0.54	0.709	0.32	0.152	0.264	1.0	0.729	0.342
CHAM820102	0.262	0.169	0.313	0.601	0.947	0.416	0.561	0.24	0.313	0.424	0.463	0.313	0.405	0.462	0.0	0.24	0.313	0.537	1.0	0.369
CHAM830101	0.118	0.461	0.765	0.608	0.588	0.275	0.245	0.912	0.471	0.069	0.098	0.392	0.0	0.118	1.0	0.735	0.48	0.167	0.471	0.039
CHAM830102	0.182	0.495	0.709	0.397	0.442	0.198	0.017	0.47	0.514	0.633	0.267	0.376	0.0	0.354	0.335	0.626	0.55	0.54	0.457	1.0
CHAM830103	0.0	0.5	0.5	0.5	0.5	0.5	0.5	0.0	0.5	1.0	0.5	0.5	0.5	0.5	0.0	0.5	1.0	0.5	0.5	1.0
CHAM830104	0.0	0.5	0.5	0.5	0.0	0.5	0.5	0.0	0.5	0.5	1.0	0.5	0.5	0.5	0.0	0.0	0.0	0.5	0.5	0.0
CHAM830105	0.0	0.667	0.0	0.0	0.0	0.667	0.667	0.0	0.667	0.0	0.0	0.667	0.667	0.667	0.0	0.0	0.0	1.0	0.667	0.0
CHAM830106	0.0	1.0	0.4	0.4	0.2	0.6	0.6	0.0	0.6	0.4	0.4	0.8	0.6	0.8	0.0	0.2	0.2	1.0	1.0	0.2
CHAM830107	0.0	0.0	1.0	1.0	0.0	0.0	1.0	1.0	0.0	0.0	0.0	0.0	0.0	0.0	0.0	0.0	0.0	0.0	0.0	0.0
CHAM830108	0.0	1.0	1.0	0.0	1.0	1.0	0.0	0.0	1.0	0.0	0.0	1.0	1.0	1.0	0.0	0.0	0.0	1.0	1.0	0.0
CHOC750101	0.147	0.792	0.402	0.339	0.3	0.553	0.518	0.0	0.589	0.598	0.593	0.613	0.61	0.8	0.367	0.191	0.325	1.0	0.801	0.44
CHOC760101	0.222	0.833	0.472	0.417	0.333	0.583	0.639	0.0	0.667	0.556	0.528	0.694	0.611	0.75	0.389	0.222	0.361	1.0	0.861	0.444
CHOC760102	0.089	0.911	0.57	0.405	0.013	0.671	0.392	0.063	0.316	0.0	0.063	1.0	0.165	0.076	0.405	0.329	0.367	0.177	0.532	0.0
CHOC760103	0.627	0.0	0.186	0.237	0.746	0.102	0.288	0.593	0.271	1.0	0.746	0.034	0.661	0.831	0.288	0.356	0.373	0.441	0.237	0.898
CHOC760104	0.909	0.0	0.136	0.182	1.0	0.045	0.136	0.818	0.091	0.864	0.727	0.0	0.5	0.636	0.182	0.364	0.364	0.182	0.136	0.818
CHOP780101	0.174	0.44	1.0	0.908	0.661	0.468	0.248	1.0	0.44	0.0	0.11	0.495	0.119	0.119	0.963	0.881	0.45	0.45	0.615	0.028
CHOP780201	0.904	0.436	0.106	0.468	0.138	0.574	1.0	0.0	0.457	0.543	0.681	0.628	0.936	0.596	0.0	0.213	0.277	0.543	0.128	0.521
CHOP780202	0.346	0.421	0.391	0.128	0.617	0.549	0.0	0.286	0.376	0.925	0.699	0.278	0.511	0.759	0.135	0.286	0.617	0.752	0.827	1.0
CHOP780203	0.248	0.495	0.908	0.963	0.45	0.45	0.44	1.0	0.44	0.0	0.028	0.661	0.119	0.174	1.0	0.881	0.468	0.119	0.615	0.11
CHOP780204	0.425	0.0	0.185	0.79	0.11	0.39	1.0	0.16	0.145	0.115	0.07	0.11	0.135	0.085	0.785	0.15	0.32	0.515	0.12	0.085
CHOP780205	0.656	0.683	0.322	0.333	0.607	0.667	0.678	0.23	0.967	0.536	0.617	1.0	0.858	0.601	0.0	0.525	0.41	0.219	0.399	0.683
CHOP780206	0.298	0.0	0.893	0.529	0.256	0.339	0.579	0.884	0.727	0.364	0.421	0.554	0.405	0.488	0.628	1.0	0.62	0.231	0.537	0.339
CHOP780207	0.212	0.635	0.871	0.529	0.459	0.318	0.253	0.871	1.0	0.418	0.4	0.782	0.212	0.518	0.835	0.453	0.412	0.0	0.471	0.094
CHOP780208	0.321	0.346	0.195	0.019	0.327	0.818	0.0	0.176	0.119	1.0	0.597	0.409	0.679	0.723	0.195	0.176	0.516	0.717	0.453	0.843
CHOP780209	0.224	0.321	0.519	0.288	0.455	0.16	0.096	0.218	0.321	0.609	0.558	0.218	0.353	0.705	0.0	0.25	0.224	0.506	1.0	0.891
CHOP780210	0.237	0.378	1.0	0.699	0.667	0.506	0.397	0.744	0.308	0.186	0.103	0.506	0.141	0.0	0.821	0.712	0.506	0.115	0.596	0.077
CHOP780211	0.24	0.488	0.552	0.704	0.072	0.264	0.328	0.992	0.416	0.072	0.12	0.304	0.328	0.0	1.0	0.84	0.576	0.92	0.456	0.12
CHOP780212	0.144	0.229	1.0	0.881	0.898	0.263	0.11	0.5	0.822	0.0	0.153	0.102	0.212	0.136	0.5	0.653	0.364	0.288	0.331	0.161
CHOP780213	0.219	0.323	0.243	0.337	0.139	0.295	0.163	0.25	0.118	0.073	0.042	0.354	0.24	0.097	1.0	0.438	0.33	0.0	0.181	0.122
CHOP780214	0.124	0.483	1.0	0.933	0.584	0.135	0.36	0.994	0.449	0.0	0.129	0.331	0.006	0.292	0.118	0.629	0.292	0.287	0.567	0.084
CHOP780215	0.044	0.281	0.333	0.246	0.658	0.395	0.096	0.868	0.009	0.026	0.149	0.368	0.018	0.105	0.132	0.465	0.228	1.0	0.632	0.0
CHOP780216	0.2	0.434	0.726	0.754	0.36	0.314	0.291	0.766	0.274	0.0	0.04	0.48	0.126	0.189	1.0	0.703	0.394	0.109	0.451	0.08
CIDH920101	0.355	0.425	0.439	0.0	0.767	0.176	0.239	0.173	0.86	0.757	0.934	0.385	0.96	0.997	0.465	0.179	0.272	0.963	1.0	0.924
CIDH920102	0.346	0.343	0.171	0.169	0.581	0.256	0.0	0.132	0.489	0.758	0.716	0.343	0.725	0.798	0.365	0.107	0.202	1.0	0.798	0.674
CIDH920103	0.463	0.202	0.089	0.033	0.564	0.045	0.11	0.113	0.404	1.0	0.706	0.19	0.715	0.656	0.338	0.178	0.0	0.745	0.668	0.715
CIDH920104	0.42	0.153	0.092	0.046	0.748	0.0	0.003	0.193	0.291	1.0	0.663	0.178	0.552	0.764	0.304	0.113	0.178	0.831	0.571	0.739
CIDH920105	0.393	0.244	0.125	0.034	0.647	0.014	0.0	0.115	0.475	1.0	0.773	0.247	0.725	0.844	0.356	0.058	0.125	0.966	0.763	0.769
COHE430101	0.5	0.333	0.033	0.0	0.033	0.233	0.2	0.133	0.233	1.0	1.0	0.733	0.5	0.567	0.533	0.267	0.333	0.467	0.367	0.867
CRAJ730101	0.718	0.256	0.197	0.41	0.376	0.795	1.0	0.077	0.855	0.427	0.684	0.462	0.778	0.564	0.0	0.291	0.385	0.718	0.0	0.402
CRAJ730102	0.46	0.273	0.281	0.381	0.453	0.367	0.007	0.144	0.0	1.0	0.842	0.59	0.748	0.647	0.0	0.209	0.568	0.345	0.755	0.899
CRAJ730103	0.121	0.313	0.949	0.768	0.818	0.444	0.162	0.909	0.475	0.192	0.222	0.626	0.192	0.576	1.0	0.788	0.576	0.758	0.879	0.0
DAWD720101	0.286	1.0	0.643	0.286	0.357	0.786	0.643	0.0	0.786	0.714	0.714	0.929	0.786	0.857	0.714	0.357	0.643	0.929	0.929	0.643
DAYM780101	1.0	0.493	0.411	0.575	0.219	0.356	0.644	0.973	0.096	0.438	0.836	0.726	0.055	0.315	0.534	0.781	0.658	0.0	0.288	0.726
DAYM780201	0.707	0.405	1.0	0.759	0.017	0.647	0.724	0.267	0.414	0.672	0.19	0.328	0.655	0.198	0.328	0.879	0.681	0.0	0.198	0.483
DESM900101	0.792	0.247	0.202	0.045	0.927	0.135	0.022	0.494	0.478	0.629	0.691	0.0	1.0	0.713	0.067	0.455	0.539	0.427	0.534	0.803
DESM900102	0.752	0.109	0.263	0.029	1.0	0.117	0.0	0.62	0.562	0.883	0.825	0.073	0.942	0.898	0.226	0.547	0.569	0.606	0.482	0.803
EISD840101	0.807	0.0	0.45	0.418	0.723	0.43	0.458	0.771	0.546	1.0	0.92	0.265	0.811	0.952	0.679	0.602	0.635	0.855	0.715	0.924
EISD860101	0.589	0.0	0.319	0.191	0.528	0.4	0.285	0.447	0.583	0.851	0.851	0.326	0.957	0.936	0.702	0.449	0.557	1.0	0.787	0.766
EISD860102	0.0	1.0	0.13	0.19	0.017	0.19	0.3	0.0	0.099	0.12	0.1	0.57	0.19	0.11	0.018	0.073	0.15	0.16	0.18	0.048
EISD860103	0.503	0.02	0.07	0.01	0.884	0.0	0.055	0.503	0.126	1.0	0.95	0.005	0.975	0.965	0.613	0.166	0.548	0.839	0.035	0.925
FASG760101	0.109	0.767	0.442	0.449	0.357	0.55	0.558	0.0	0.62	0.434	0.434	0.551	0.574	0.698	0.31	0.232	0.341	1.0	0.822	0.326
FASG760102	0.717	0.361	0.349	0.554	0.0	0.042	0.428	0.675	0.596	0.639	0.958	0.277	0.633	0.639	0.265	0.301	0.452	0.627	1.0	0.693
FASG760103	0.873	0.979	0.8	0.905	0.691	0.918	0.974	0.855	0.473	0.978	0.746	1.0	0.756	0.513	0.0	0.781	0.577	0.521	0.756	0.911
FASG760104	0.585	0.279	0.197	0.546	0.0	0.341	0.576	0.624	0.358	0.581	0.546	0.362	0.376	0.362	1.0	0.376	0.328	0.476	0.332	0.555
FASG760105	0.852	0.0	0.328	0.098	0.164	0.574	0.459	0.869	0.0	0.885	0.885	0.557	0.754	0.557	0.213	0.607	0.443	1.0	0.623	0.82
FAUJ830101	0.405	0.0	0.126	0.074	0.782	0.242	0.113	0.31	0.35	0.862	0.831	0.006	0.687	0.859	0.531	0.298	0.39	1.0	0.604	0.684
FAUJ880101	0.305	0.558	0.382	0.382	0.422	0.372	0.372	0.0	0.714	1.0	0.618	0.451	0.561	0.702	0.637	0.313	0.723	0.766	0.702	0.876
FAUJ880102	0.552	0.719	0.604	0.615	0.688	0.74	0.75	0.0	0.667	1.0	0.958	0.813	0.802	0.74	0.0	0.573	0.656	0.875	0.74	0.927
FAUJ880103	0.124	0.759	0.365	0.344	0.301	0.489	0.468	0.0	0.577	0.495	0.495	0.59	0.548	0.729	0.337	0.198	0.322	1.0	0.801	0.371
FAUJ880104	0.141	1.0	0.438	0.465	0.418	0.703	0.679	0.0	0.55	0.497	0.497	0.839	0.747	0.444	0.356	0.332	0.356	0.976	0.464	0.356
FAUJ880105	0.578	0.578	0.578	0.578	0.578	0.578	0.578	0.0	0.578	1.0	0.578	0.578	0.578	0.578	0.578	0.578	0.811	0.578	0.578	1.0
FAUJ880106	0.182	0.916	0.589	0.486	0.421	0.442	0.404	0.0	0.815	0.435	0.603	0.677	0.664	0.878	0.579	0.297	0.379	0.857	1.0	0.379
FAUJ880107	0.41	0.624	0.449	0.517	0.809	0.596	0.64	0.0	0.573	0.904	0.567	0.612	0.584	0.781	1.0	0.736	0.938	0.742	0.781	0.966
FAUJ880108	0.0	0.312	0.437	1.0	0.812	0.375	0.5	0.062	0.562	0.0	0.0	0.062	0.312	0.25	0.062	0.75	0.312	0.062	0.25	0.125
FAUJ880109	0.0	1.0	0.5	0.25	0.0	0.5	0.25	0.0	0.25	0.0	0.0	0.5	0.0	0.0	0.0	0.25	0.25	0.25	0.25	0.0
FAUJ880110	0.0	0.75	0.75	1.0	0.0	0.75	1.0	0.0	0.25	0.0	0.0	0.25	0.0	0.0	0.0	0.5	0.5	0.0	0.5	0.0
FAUJ880111	0.0	1.0	0.0	0.0	0.0	0.0	0.0	0.0	1.0	0.0	0.0	1.0	0.0	0.0	0.0	0.0	0.0	0.0	0.0	0.0
FAUJ880112	0.0	0.0	0.0	1.0	0.0	0.0	1.0	0.0	0.0	0.0	0.0	0.0	0.0	0.0	0.0	0.0	0.0	0.0	0.0	0.0
FAUJ880113	0.837	0.756	0.64	1.0	0.645	0.798	0.963	0.663	0.499	0.845	0.842	0.75	0.747	0.757	0.0	0.673	0.68	0.835	0.756	0.854
FINA770101	0.757	0.714	0.429	0.429	0.571	0.571	0.857	0.0	0.643	0.714	1.0	0.857	0.857	0.786	0.229	0.286	0.286	0.786	0.786	0.571
FINA910101	0.154	0.038	0.423	1.0	0.154	0.154	0.423	0.154	0.154	0.0	0.154	0.038	0.154	0.154	0.154	0.423	0.423	0.154	0.154	0.0
FINA910102	0.024	0.0	0.024	0.081	0.024	0.024	0.081	0.049	0.024	0.024	0.024	0.0	0.024	0.024	1.0	0.024	0.024	0.024	0.024	0.024
FINA910103	0.5	1.0	0.5	0.0	0.3	0.3	0.0	0.1	0.5	0.1	0.3	1.0	0.3	0.3	0.3	0.8	0.3	0.3	0.3	0.1
FINA910104	0.563	1.0	0.563	0.375	0.563	0.563	0.375	0.875	0.563	0.563	0.563	1.0	0.563	0.563	0.0	0.563	0.563	0.563	0.563	0.563
GARJ730101	0.034	0.002	0.029	0.021	0.034	0.046	0.043	0.014	0.021	0.13	0.162	0.0	0.116	0.373	0.053	0.005	0.021	1.0	0.209	0.091
GEIM800101	0.725	0.407	0.198	0.516	0.176	0.484	0.945	0.0	0.769	0.462	0.747	0.769	1.0	0.549	0.0	0.165	0.154	0.604	0.088	0.198
GEIM800102	0.62	0.54	0.48	0.24	1.0	0.22	0.76	0.02	0.54	0.46	0.62	0.52	0.82	0.38	0.0	0.38	0.7	1.0	0.12	0.62
GEIM800103	0.813	0.0	0.602	0.813	0.747	0.56	0.886	0.235	0.608	0.645	0.633	0.602	0.705	0.12	0.006	0.488	0.211	1.0	0.53	0.265
GEIM800104	0.567	0.385	0.327	0.452	0.337	0.692	1.0	0.0	0.413	0.5	0.558	0.644	0.856	0.404	0.077	0.202	0.24	0.558	0.163	0.135
GEIM800105	0.273	0.475	0.091	0.02	0.707	0.455	0.0	0.374	0.242	0.727	0.535	0.293	0.313	0.586	0.232	0.485	0.636	0.586	0.828	1.0
GEIM800106	0.49	0.78	0.23	0.29	0.54	0.74	0.0	0.49	0.7	0.8	0.91	0.64	0.78	0.97	0.24	0.54	0.77	0.76	1.0	0.94
GEIM800107	0.427	0.496	0.265	0.282	0.607	0.419	0.0	0.427	0.513	0.752	0.701	0.385	0.47	0.726	0.205	0.444	0.547	0.632	0.684	1.0
GEIM800108	0.306	0.389	0.981	0.759	0.324	0.333	0.361	0.861	0.296	0.065	0.009	0.222	0.0	0.13	1.0	0.602	0.426	0.083	0.315	0.019
GEIM800109	0.381	0.457	0.524	0.762	0.0	0.762	0.19	0.952	0.457	0.405	0.381	0.448	0.186	0.571	1.0	0.619	0.286	0.0	0.857	0.381
GEIM800110	0.507	0.382	0.853	0.735	0.471	0.294	0.728	0.654	0.324	0.191	0.081	0.39	0.206	0.14	1.0	0.529	0.346	0.154	0.0	0.125
GEIM800111	0.321	0.394	0.716	0.587	0.312	0.229	0.431	0.798	0.349	0.0	0.009	0.303	0.018	0.119	1.0	0.615	0.459	0.092	0.367	0.037
GOLD730101	0.25	0.25	0.23	0.0	0.333	0.197	0.0	0.0	0.0	0.983	0.8	0.5	0.433	0.883	0.867	0.0	0.15	1.0	0.95	0.567
GOLD730102	0.169	0.726	0.39	0.304	0.314	0.531	0.482	0.0	0.554	0.65	0.65	0.692	0.612	0.772	0.372	0.172	0.349	1.0	0.796	0.487
GRAR740101	0.0	0.236	0.484	0.502	1.0	0.324	0.335	0.269	0.211	0.0	0.0	0.12	0.0	0.0	0.142	0.516	0.258	0.047	0.073	0.0
GRAR740102	0.395	0.691	0.827	1.0	0.074	0.691	0.914	0.506	0.679	0.037	0.0	0.79	0.099	0.037	0.383	0.531	0.457	0.062	0.16	0.123
GRAR740103	0.168	0.725	0.317	0.305	0.311	0.491	0.479	0.0	0.557	0.647	0.647	0.695	0.611	0.772	0.177	0.174	0.347	1.0	0.796	0.485
GUYH850101	0.551	1.0	0.645	0.72	0.174	0.762	0.732	0.608	0.402	0.246	0.233	0.873	0.132	0.0	0.707	0.655	0.543	0.4	0.474	0.211
HOPA770101	0.141	0.344	0.328	1.0	0.0	0.312	0.953	0.156	0.422	0.109	0.109	0.812	0.094	0.203	0.125	0.25	0.219	0.281	0.312	0.125
HOPT810101	0.453	1.0	0.562	1.0	0.375	0.562	1.0	0.531	0.453	0.25	0.25	1.0	0.328	0.141	0.531	0.578	0.469	0.0	0.172	0.297
HUTJ700101	0.121	0.058	0.32	0.293	0.592	0.445	0.398	0.0	0.788	0.467	0.533	0.732	1.0	0.544	0.272	0.191	0.252	0.728	0.614	0.365
HUTJ700102	0.141	1.0	0.388	0.364	0.666	0.501	0.463	0.0	0.944	0.572	0.592	0.881	0.7	0.602	0.331	0.25	0.269	0.807	0.604	0.412
HUTJ700103	0.124	1.0	0.375	0.314	0.431	0.505	0.447	0.0	0.538	0.494	0.49	0.81	0.351	0.361	0.244	0.217	0.366	0.512	0.475	0.374
ISOY800101	0.908	0.652	0.248	0.532	0.454	0.723	0.979	0.135	0.553	0.582	0.759	0.716	1.0	0.688	0.0	0.284	0.433	0.567	0.319	0.482
ISOY800102	0.27	0.432	0.108	0.041	0.986	0.311	0.0	0.054	0.541	0.878	0.473	0.149	0.541	0.676	0.676	0.581	0.784	0.689	0.838	1.0
ISOY800103	0.336	0.531	0.881	0.839	0.21	0.336	0.469	1.0	0.371	0.07	0.189	0.497	0.0	0.259	0.874	0.622	0.552	0.308	0.587	0.098
ISOY800104	0.258	0.21	0.278	0.131	0.024	0.155	0.19	0.321	0.091	0.087	0.0	0.321	0.004	0.024	1.0	0.306	0.353	0.071	0.198	0.048
ISOY800105	0.101	0.276	0.877	0.895	0.167	0.268	0.232	1.0	0.469	0.0	0.202	0.311	0.044	0.338	0.136	0.491	0.32	0.219	0.579	0.136
ISOY800106	0.543	0.53	0.404	0.642	0.51	0.543	0.576	0.0	0.53	0.464	0.682	0.616	0.185	0.351	1.0	0.616	0.477	0.503	0.278	0.331
ISOY800107	0.482	1.0	0.331	0.637	0.518	0.284	0.914	0.342	0.0	0.187	0.378	0.284	0.0	0.155	0.133	0.313	0.41	0.644	0.263	0.0
ISOY800108	0.03	0.049	0.67	0.288	0.008	0.212	0.095	1.0	0.189	0.087	0.053	0.223	0.11	0.083	0.091	0.242	0.0	0.091	0.167	0.14
JANJ780101	0.141	0.905	0.51	0.515	0.0	0.608	0.602	0.103	0.402	0.083	0.138	1.0	0.206	0.114	0.411	0.303	0.337	0.219	0.454	0.094
JANJ780102	0.676	0.028	0.268	0.225	1.0	0.183	0.183	0.69	0.437	0.887	0.803	0.0	0.69	0.775	0.31	0.451	0.38	0.648	0.296	0.859
JANJ780103	0.125	0.775	0.55	0.562	0.0	0.638	0.625	0.062	0.362	0.1	0.138	1.0	0.188	0.062	0.5	0.338	0.338	0.15	0.45	0.112
JANJ790101	0.363	0.011	0.077	0.077	1.0	0.055	0.055	0.385	0.165	0.67	0.516	0.0	0.407	0.473	0.121	0.165	0.143	0.341	0.099	0.626
JANJ790102	0.778	0.148	0.481	0.444	1.0	0.407	0.407	0.778	0.63	0.926	0.852	0.0	0.815	0.852	0.556	0.63	0.593	0.778	0.519	0.889
JOND750101	0.231	0.225	0.024	0.175	0.403	0.0	0.178	0.027	0.231	0.836	0.576	0.435	0.443	0.761	0.735	0.019	0.019	1.0	0.708	0.496
JOND750102	0.967	0.0	0.7	0.692	0.392	0.825	0.842	0.967	0.533	0.983	0.983	0.833	0.917	0.542	0.675	0.858	0.767	1.0	0.85	0.95
JOND920101	0.818	0.481	0.377	0.494	0.078	0.351	0.623	0.779	0.117	0.506	1.0	0.584	0.13	0.338	0.481	0.714	0.584	0.0	0.234	0.675
JOND920102	0.815	0.63	0.859	0.663	0.207	0.641	0.565	0.272	0.717	0.848	0.315	0.511	0.739	0.283	0.359	1.0	0.891	0.0	0.272	0.793
JUKT750101	1.0	0.4	0.489	0.622	0.111	0.356	0.556	0.889	0.133	0.511	0.867	0.733	0.067	0.333	0.378	0.822	0.644	0.0	0.333	0.756
JUNJ780101	0.964	0.465	0.49	0.495	0.234	0.352	0.539	1.0	0.092	0.485	0.793	0.783	0.054	0.336	0.439	0.812	0.643	0.0	0.317	0.747
KANM800101	0.875	0.5	0.385	0.542	0.312	0.646	1.0	0.115	0.615	0.583	0.719	0.729	0.969	0.552	0.0	0.229	0.302	0.469	0.281	0.437
KANM800102	0.248	0.283	0.08	0.159	0.566	0.398	0.0	0.31	0.345	0.841	0.628	0.212	0.46	0.593	0.071	0.345	0.575	0.575	0.619	1.0
KANM800103	0.765	0.58	0.265	0.432	0.302	0.574	0.667	0.198	0.568	0.63	0.833	0.654	1.0	0.611	0.0	0.167	0.346	0.593	0.327	0.549
KANM800104	0.26	0.284	0.012	0.0	0.68	0.26	0.089	0.308	0.308	0.923	0.74	0.207	0.325	0.627	0.124	0.302	0.621	0.284	0.456	1.0
KARP850101	0.475	0.463	0.787	0.443	0.143	0.984	0.693	0.889	0.234	0.316	0.172	0.689	0.09	0.02	0.533	1.0	0.607	0.0	0.148	0.234
KARP850102	0.37	0.731	0.634	1.0	0.07	0.718	0.767	0.793	0.396	0.132	0.436	0.969	0.0	0.22	0.982	0.819	0.833	0.242	0.3	0.286
KARP850103	0.35	0.386	0.5	0.508	0.48	0.323	0.512	0.472	0.358	0.272	0.465	1.0	0.004	0.437	0.508	0.472	0.516	0.0	0.134	0.433
KHAG800101	0.386	1.0	0.0	0.026	0.026	0.173	0.026	0.499	0.581	0.165	0.141	0.026	0.076	0.427	0.347	0.351	0.253	0.542	0.026	0.242
KLEP840101	0.5	1.0	0.5	0.0	0.5	0.5	0.0	0.5	0.5	0.5	0.5	1.0	0.5	0.5	0.5	0.5	0.5	0.5	0.5	0.5
KRIW710101	0.629	0.843	0.775	0.753	0.0	0.798	0.742	0.966	0.618	0.404	0.478	1.0	0.27	0.472	0.899	0.702	0.652	0.562	0.601	0.494
KRIW790101	0.418	0.779	0.729	0.696	0.0	0.711	0.717	0.704	0.635	0.094	0.355	1.0	0.115	0.139	0.882	0.588	0.554	0.17	0.299	0.255
KRIW790102	0.392	0.51	0.451	0.49	0.059	0.608	0.569	0.392	0.294	0.078	0.157	1.0	0.0	0.039	0.745	0.373	0.353	0.137	0.333	0.275
KRIW790103	0.189	0.722	0.403	0.275	0.307	0.555	0.426	0.0	0.543	0.643	0.643	0.687	0.647	0.794	0.288	0.201	0.353	1.0	0.806	0.491
KYTJ820101	0.7	0.0	0.111	0.111	0.778	0.111	0.111	0.456	0.144	1.0	0.922	0.067	0.711	0.811	0.322	0.411	0.422	0.4	0.356	0.967
LAWE840101	0.134	0.279	0.0	0.041	0.19	0.19	0.055	0.3	0.124	0.579	0.652	0.269	0.579	0.655	1.0	0.317	0.179	0.528	0.728	0.493
LEVM760101	0.453	1.0	0.562	0.922	0.375	0.562	0.922	0.531	0.453	0.25	0.25	1.0	0.328	0.141	0.312	0.578	0.469	0.0	0.172	0.297
LEVM760102	0.207	1.0	0.532	0.535	0.371	0.694	0.707	0.0	0.742	0.492	0.559	0.79	0.629	0.798	0.382	0.344	0.384	0.962	0.903	0.401
LEVM760103	0.999	0.995	0.963	0.993	0.932	0.967	0.969	0.0	0.969	0.975	0.968	1.0	0.927	0.969	0.671	0.966	0.96	0.97	0.902	0.998
LEVM760104	0.456	0.105	0.11	0.186	0.132	0.094	0.172	1.0	0.233	0.214	0.096	0.147	0.08	0.078	0.4	0.349	0.298	0.078	0.0	0.237
LEVM760105	0.106	1.0	0.483	0.472	0.356	0.65	0.661	0.0	0.667	0.544	0.533	0.833	0.678	0.733	0.372	0.278	0.367	0.906	0.861	0.394
LEVM760106	0.294	0.529	0.235	0.235	0.559	0.529	0.529	0.0	0.529	0.824	0.824	0.529	0.765	0.853	0.588	0.206	0.235	1.0	0.853	0.647
LEVM760107	0.0	0.327	0.14	0.14	0.14	0.14	0.14	0.0	0.14	0.308	0.308	0.327	0.308	0.682	0.271	0.0	0.14	1.0	0.682	0.234
LEVM780101	0.811	0.463	0.4	0.547	0.621	0.789	0.968	0.042	0.737	0.474	0.821	0.747	1.0	0.579	0.0	0.316	0.316	0.495	0.211	0.411
LEVM780102	0.306	0.412	0.141	0.094	0.118	0.188	0.129	0.329	0.518	0.953	0.447	0.153	0.388	0.8	0.0	0.365	0.671	0.588	0.718	1.0
LEVM780103	0.24	0.313	0.58	0.667	0.267	0.38	0.387	0.82	0.18	0.067	0.113	0.367	0.0	0.12	1.0	0.607	0.42	0.233	0.427	0.04
LEVM780104	0.86	0.465	0.43	0.523	0.395	0.605	1.0	0.035	0.849	0.407	0.849	0.779	0.942	0.512	0.0	0.209	0.244	0.453	0.174	0.407
LEVM780105	0.247	0.383	0.086	0.037	0.469	0.42	0.0	0.284	0.235	1.0	0.469	0.136	0.333	0.679	0.025	0.444	0.753	0.741	0.802	0.951
LEVM780106	0.25	0.333	0.598	0.765	0.25	0.348	0.424	0.917	0.265	0.03	0.083	0.402	0.038	0.235	1.0	0.636	0.386	0.25	0.356	0.0
LEWP710101	0.215	0.308	0.523	1.0	0.185	0.277	0.0	0.769	0.092	0.215	0.169	0.292	0.462	0.0	0.585	0.723	0.631	0.538	0.585	0.0
LIFS790101	0.369	0.376	0.142	0.057	0.539	0.39	0.149	0.149	0.376	1.0	0.638	0.213	0.56	0.603	0.0	0.298	0.511	0.809	0.801	1.0
LIFS790102	0.306	0.17	0.111	0.094	0.268	0.0	0.132	0.217	0.043	0.987	0.485	0.132	0.515	0.434	0.03	0.179	0.132	0.26	0.34	1.0
LIFS790103	0.361	0.451	0.15	0.038	0.617	0.571	0.15	0.105	0.526	0.842	0.632	0.241	0.504	0.609	0.0	0.338	0.662	1.0	0.947	0.835
MANP780101	0.436	0.179	0.117	0.0	0.778	0.187	0.214	0.325	0.27	0.992	0.833	0.105	0.728	0.648	0.107	0.078	0.173	0.634	0.529	1.0
MAXF760101	0.802	0.595	0.149	0.38	0.397	0.628	1.0	0.0	0.43	0.479	0.744	0.669	0.884	0.603	0.025	0.198	0.264	0.455	0.19	0.43
MAXF760102	0.338	0.451	0.169	0.141	0.775	0.38	0.0	0.493	0.62	0.873	0.507	0.239	0.648	0.761	0.845	0.592	0.789	0.634	0.887	1.0
MAXF760103	0.113	0.106	1.0	0.567	0.0	0.17	0.245	0.11	0.613	0.213	0.018	0.202	0.266	0.191	0.064	0.245	0.213	0.241	0.351	0.195
MAXF760104	0.034	0.151	0.522	0.215	0.189	0.181	0.056	1.0	0.114	0.052	0.042	0.233	0.0	0.056	0.024	0.114	0.046	0.0	0.193	0.048
MAXF760105	0.294	0.125	0.289	0.307	0.099	0.107	0.266	1.0	0.078	0.104	0.169	0.294	0.0	0.117	0.0	0.211	0.185	0.242	0.099	0.125
MAXF760106	0.403	0.516	0.321	0.648	0.459	0.484	0.428	0.063	0.22	0.201	0.409	0.434	0.0	0.182	1.0	0.755	0.547	0.465	0.321	0.138
MCMT640101	0.102	0.627	0.312	0.282	0.841	0.413	0.406	0.0	0.513	0.448	0.442	0.501	0.509	0.691	0.257	0.149	0.259	1.0	0.741	0.327
MEEJ800101	0.547	0.557	0.557	0.274	0.318	0.381	0.0	0.531	0.421	0.969	0.808	0.535	0.682	0.947	0.723	0.569	0.616	1.0	0.723	0.616
MEEJ800102	0.289	0.117	0.23	0.184	0.207	0.195	0.0	0.273	0.324	0.754	0.684	0.168	0.57	0.836	0.605	0.148	0.352	1.0	0.613	0.422
MEEJ810101	0.249	0.178	0.0	0.122	0.531	0.061	0.23	0.188	0.164	0.596	0.714	0.108	0.451	0.826	0.404	0.047	0.117	1.0	0.545	0.474
MEEJ810102	0.221	0.055	0.0	0.138	0.42	0.055	0.227	0.177	0.044	0.552	0.696	0.0	0.387	0.862	0.337	0.006	0.133	1.0	0.536	0.42
MEIH800101	0.556	0.741	0.741	0.852	0.37	0.889	0.889	0.852	0.407	0.037	0.259	1.0	0.222	0.0	0.815	0.889	0.778	0.185	0.556	0.111
MEIH800102	0.42	0.72	0.62	0.7	0.22	0.76	0.78	0.56	0.38	0.06	0.18	1.0	0.2	0.0	0.62	0.62	0.58	0.28	0.6	0.16
MEIH800103	0.512	0.372	0.116	0.14	0.907	0.023	0.163	0.581	0.581	0.93	0.907	0.0	0.814	1.0	0.302	0.419	0.419	0.674	0.419	0.674
MIYS850101	0.36	0.22	0.15	0.14	0.678	0.166	0.162	0.264	0.376	0.936	0.86	0.0	0.952	1.0	0.21	0.185	0.258	0.825	0.535	0.72
NAGK730101	0.725	0.22	0.154	0.407	0.341	0.516	1.0	0.099	0.725	0.341	0.659	0.659	0.659	0.659	0.077	0.165	0.264	0.473	0.0	0.374
NAGK730102	0.521	0.281	0.322	0.471	0.661	0.702	0.0	0.471	0.446	1.0	0.769	0.397	0.793	0.86	0.347	0.364	0.744	0.661	0.612	0.893
NAGK730103	0.165	0.882	0.941	0.541	0.506	0.271	0.2	0.906	0.212	0.259	0.059	0.306	0.047	0.0	1.0	0.894	0.529	0.341	0.906	0.294
NAKH900101	0.85	0.578	0.382	0.486	0.06	0.338	0.609	0.712	0.106	0.529	1.0	0.597	0.148	0.318	0.462	0.703	0.566	0.0	0.231	0.679
NAKH900102	1.0	0.849	0.457	0.419	0.446	0.469	0.717	0.857	0.155	0.531	0.872	0.857	0.085	0.306	0.787	0.651	0.574	0.0	0.236	0.535
NAKH900103	0.329	0.062	0.294	0.075	0.0	0.089	0.112	0.323	0.089	0.565	1.0	0.151	0.298	0.382	0.262	0.455	0.452	0.103	0.213	0.285
NAKH900104	0.224	0.053	0.515	0.0	0.3	0.191	0.059	0.291	0.424	0.824	0.935	0.153	1.0	0.806	0.385	0.474	0.594	0.7	0.556	0.224
NAKH900105	0.31	0.028	0.212	0.038	0.0	0.077	0.097	0.271	0.079	0.498	1.0	0.095	0.317	0.355	0.271	0.426	0.472	0.116	0.156	0.23
NAKH900106	0.237	0.061	0.381	0.0	0.303	0.203	0.09	0.259	0.401	0.697	0.905	0.127	1.0	0.724	0.403	0.45	0.619	0.707	0.425	0.183
NAKH900107	0.385	0.166	0.548	0.188	0.0	0.123	0.156	0.48	0.116	0.771	1.0	0.323	0.239	0.465	0.234	0.542	0.389	0.066	0.387	0.452
NAKH900108	0.148	0.076	0.831	0.069	0.248	0.145	0.0	0.348	0.403	1.0	0.741	0.252	0.686	0.834	0.245	0.438	0.345	0.479	0.834	0.324
NAKH900109	0.829	0.293	0.267	0.286	0.0	0.213	0.378	0.754	0.082	0.547	1.0	0.246	0.21	0.536	0.333	0.526	0.465	0.117	0.224	0.657
NAKH900110	0.532	0.088	0.234	0.093	0.21	0.2	0.156	0.6	0.273	0.556	0.62	0.0	0.595	1.0	0.273	0.268	0.346	0.741	0.4	0.541
NAKH900111	0.601	0.011	0.021	0.009	0.029	0.035	0.007	0.516	0.002	0.65	1.0	0.0	0.203	0.564	0.079	0.286	0.301	0.107	0.108	0.685
NAKH900112	0.292	0.0	0.067	0.008	0.02	0.037	0.057	0.21	0.034	0.588	1.0	0.035	0.318	0.346	0.146	0.303	0.399	0.08	0.102	0.277
NAKH900113	0.451	0.011	0.131	0.138	0.0	0.087	0.411	1.0	0.033	0.451	0.364	0.091	0.444	0.316	0.109	0.113	0.2	0.458	0.109	0.338
NAKH920101	1.0	0.76	0.432	0.695	0.029	0.506	0.897	0.766	0.243	0.342	0.976	0.696	0.171	0.246	0.7	0.987	0.464	0.0	0.222	0.593
NAKH920102	1.0	0.532	0.507	0.544	0.021	0.404	0.852	0.696	0.161	0.128	0.726	0.542	0.319	0.236	0.647	0.651	0.292	0.0	0.052	0.394
NAKH920103	0.545	0.427	0.493	0.637	0.252	0.438	0.837	0.734	0.167	0.43	1.0	0.561	0.0	0.295	0.622	0.989	0.892	0.012	0.28	0.829
NAKH920104	0.397	0.234	0.509	0.425	0.044	0.33	0.526	0.653	0.142	0.308	1.0	0.555	0.0	0.233	0.544	0.772	0.417	0.031	0.183	0.54
NAKH920105	0.442	0.0	0.039	0.012	0.111	0.036	0.0	0.363	0.005	0.683	1.0	0.004	0.08	0.288	0.104	0.184	0.191	0.096	0.15	0.642
NAKH920106	0.771	0.766	0.47	0.536	0.088	0.593	0.918	0.721	0.144	0.473	0.982	1.0	0.192	0.347	0.567	0.868	0.564	0.0	0.232	0.577
NAKH920107	0.489	0.434	0.598	0.633	0.139	0.351	0.646	1.0	0.0	0.467	0.972	0.464	0.084	0.37	0.449	0.707	0.618	0.034	0.402	0.651
NAKH920108	0.555	0.0	0.125	0.041	0.14	0.053	0.041	0.36	0.012	0.822	1.0	0.019	0.224	0.655	0.103	0.324	0.269	0.118	0.175	0.743
NISK800101	0.467	0.299	0.065	0.0	1.0	0.192	0.131	0.364	0.426	0.797	0.742	0.027	0.615	0.553	0.127	0.158	0.265	0.698	0.591	0.814
NISK860101	0.406	0.333	0.157	0.006	0.906	0.145	0.055	0.262	0.559	1.0	0.942	0.0	0.788	0.968	0.118	0.137	0.305	0.961	0.649	0.884
NOZY710101	0.147	0.0	0.0	0.0	0.0	0.0	0.0	0.0	0.147	0.529	0.529	0.0	0.382	0.735	0.0	0.0	0.118	1.0	0.676	0.441
OOBM770101	0.212	0.847	0.719	0.782	0.0	0.778	0.756	0.207	0.424	0.127	0.104	1.0	0.109	0.259	0.508	0.427	0.405	0.251	0.528	0.082
OOBM770102	0.0	1.0	0.468	0.501	0.081	0.596	0.499	0.083	0.391	0.445	0.184	0.683	0.209	0.557	0.348	0.222	0.315	0.774	0.774	0.311
OOBM770103	0.646	0.529	0.848	0.896	0.314	0.805	0.868	0.566	0.555	0.143	0.351	1.0	0.334	0.204	0.698	0.712	0.601	0.0	0.34	0.206
OOBM770104	0.899	0.535	0.737	0.755	0.751	0.672	0.665	1.0	0.464	0.568	0.562	0.743	0.563	0.305	0.768	0.842	0.743	0.0	0.319	0.662
OOBM770105	0.826	0.478	0.557	0.572	0.695	0.488	0.441	1.0	0.253	0.548	0.435	0.53	0.446	0.216	0.643	0.741	0.631	0.0	0.23	0.629
OOBM850101	0.706	0.503	0.362	0.0	0.701	0.534	0.518	0.377	0.332	1.0	0.831	0.8	0.661	0.823	0.428	0.612	0.772	0.79	0.744	0.965
OOBM850102	0.752	0.703	0.896	1.0	0.718	0.77	0.859	0.843	0.743	0.666	0.651	0.66	0.671	0.684	0.849	0.701	0.72	0.0	0.562	0.749
OOBM850103	0.486	0.122	0.641	0.342	0.439	0.199	0.49	0.519	0.164	1.0	0.481	0.091	0.43	0.497	0.297	0.251	0.126	0.63	0.0	0.501
OOBM850104	0.567	0.753	0.742	0.986	0.543	0.725	0.808	0.638	0.814	0.257	0.394	0.291	0.475	0.413	0.85	0.599	0.483	0.0	1.0	0.512
OOBM850105	0.465	0.589	0.553	0.317	0.0	0.43	0.518	0.866	0.459	0.251	0.351	1.0	0.258	0.449	0.517	0.66	0.818	0.24	0.277	0.401
PALJ810101	0.838	0.375	0.338	0.488	0.363	0.513	1.0	0.0	0.875	0.3	0.838	0.75	0.863	0.575	0.0	0.188	0.213	0.5	0.1	0.4
PALJ810102	0.824	0.516	0.187	0.44	0.143	0.747	1.0	0.022	0.538	0.484	0.714	0.615	0.989	0.582	0.0	0.22	0.319	0.495	0.165	0.527
PALJ810103	0.25	0.5	0.25	0.136	0.602	0.5	0.0	0.398	0.295	1.0	0.5	0.205	0.42	0.614	0.182	0.489	0.682	0.739	0.864	0.966
PALJ810104	0.357	0.24	0.295	0.24	0.527	0.395	0.0	0.302	0.326	0.891	0.62	0.24	0.388	0.752	0.016	0.202	0.589	0.651	0.783	1.0
PALJ810105	0.276	0.331	0.78	0.622	0.157	0.402	0.228	1.0	0.031	0.047	0.0	0.362	0.024	0.307	0.772	0.63	0.441	0.307	0.622	0.016
PALJ810106	0.102	0.388	0.918	0.939	0.898	0.398	0.204	1.0	0.418	0.02	0.01	0.408	0.163	0.173	0.98	0.929	0.418	0.357	0.582	0.0
PALJ810107	0.667	0.31	0.595	0.143	1.0	0.357	0.69	0.119	0.524	0.429	0.571	0.5	0.738	0.381	0.262	0.357	0.833	0.881	0.0	0.548
PALJ810108	0.713	0.361	0.295	0.484	0.656	0.541	1.0	0.0	0.525	0.303	0.754	0.5	0.352	0.451	0.008	0.475	0.221	0.139	0.213	0.582
PALJ810109	0.63	0.519	0.284	0.444	0.481	0.975	0.901	0.0	0.383	0.432	0.716	0.691	1.0	0.346	0.099	0.247	0.407	0.58	0.099	0.222
PALJ810110	0.222	0.394	0.0	0.04	0.374	0.394	0.051	0.202	0.374	0.475	0.354	0.333	0.747	0.657	0.02	0.192	0.485	0.394	0.687	1.0
PALJ810111	0.248	0.398	0.646	0.389	0.15	0.416	0.0	0.354	0.637	1.0	0.354	0.168	0.673	0.903	0.133	0.097	0.389	0.628	0.637	0.602
PALJ810112	0.379	0.427	0.068	0.146	0.408	0.039	0.0	0.301	0.563	0.767	0.447	0.233	0.223	0.621	0.136	0.379	0.592	0.65	0.621	1.0
PALJ810113	0.261	0.0	0.576	0.917	0.0	0.545	0.239	1.0	0.083	0.163	0.0	0.447	0.333	0.833	0.508	0.542	0.106	0.0	0.58	0.053
PALJ810114	0.515	0.769	0.805	0.734	0.491	0.627	0.538	1.0	0.538	0.16	0.396	0.391	0.0	0.278	0.911	0.639	0.663	0.734	0.32	0.408
PALJ810115	0.437	0.325	0.762	0.429	0.111	0.556	0.135	0.992	0.571	0.0	0.325	0.722	0.317	0.008	1.0	0.778	0.405	0.587	0.698	0.127
PALJ810116	0.381	0.367	0.849	0.597	0.165	0.194	0.381	0.878	0.0	0.288	0.079	0.338	0.079	0.41	0.655	0.727	0.518	0.129	1.0	0.079
PARJ860101	0.605	0.71	0.85	1.0	0.57	0.8	0.89	0.785	0.605	0.1	0.04	0.785	0.29	0.04	0.605	0.825	0.76	0.0	0.405	0.315
PLIV810101	0.289	0.061	0.0	0.017	0.511	0.144	0.261	0.089	0.317	0.939	1.0	0.056	0.872	0.989	0.506	0.061	0.278	0.922	0.55	0.739
PONP800101	0.347	0.162	0.047	0.04	0.967	0.112	0.091	0.283	0.478	0.93	0.773	0.0	0.827	0.616	0.091	0.108	0.199	0.504	0.583	1.0
PONP800102	0.365	0.209	0.086	0.088	1.0	0.182	0.127	0.305	0.409	0.82	0.701	0.0	0.789	0.628	0.177	0.232	0.261	0.516	0.539	0.894
PONP800103	0.411	0.266	0.121	0.137	1.0	0.266	0.153	0.347	0.363	0.774	0.694	0.0	0.855	0.726	0.274	0.387	0.347	0.589	0.54	0.879
PONP800104	0.61	0.068	0.288	0.0	0.801	0.073	0.358	1.0	0.139	0.833	0.692	0.224	0.553	0.708	0.121	0.064	0.461	0.247	0.379	0.434
PONP800105	0.598	0.309	0.0	0.423	0.874	0.049	0.383	0.509	0.757	0.491	1.0	0.317	0.945	0.509	0.491	0.334	0.577	0.449	0.632	0.96
PONP800106	0.146	0.221	0.181	0.055	0.832	0.351	0.351	0.201	0.422	0.596	0.619	0.0	1.0	0.659	0.136	0.247	0.118	0.292	0.314	0.775
PONP800107	0.324	0.125	0.056	0.137	0.21	0.154	0.256	0.227	0.302	1.0	0.693	0.0	0.58	0.815	0.056	0.108	0.137	0.756	0.21	0.907
PONP800108	0.393	0.275	0.054	0.023	1.0	0.191	0.074	0.43	0.309	0.883	0.836	0.0	0.507	0.584	0.258	0.218	0.312	0.705	0.621	0.919
PRAM820101	0.561	0.163	0.648	0.714	0.735	0.566	0.444	0.801	0.102	0.423	0.342	1.0	0.434	0.0	0.77	0.668	0.286	0.49	0.5	0.49
PRAM820102	0.823	0.197	0.245	0.585	0.136	0.265	0.551	1.0	0.483	0.313	0.34	0.027	0.0	0.34	0.558	0.687	0.667	0.259	0.184	0.286
PRAM820103	0.942	0.727	0.502	0.82	0.0	0.587	0.902	0.904	0.736	0.669	0.618	0.32	0.144	0.698	0.749	0.953	1.0	0.82	0.516	0.591
PRAM900101	0.131	1.0	0.531	0.806	0.106	0.488	0.743	0.169	0.419	0.037	0.057	0.781	0.019	0.0	0.243	0.194	0.157	0.113	0.275	0.069
PRAM900102	0.811	0.463	0.4	0.547	0.621	0.789	0.968	0.042	0.737	0.474	0.821	0.747	1.0	0.579	0.0	0.316	0.316	0.495	0.211	0.411
PRAM900103	0.306	0.412	0.141	0.094	0.118	0.188	0.129	0.329	0.518	0.953	0.447	0.153	0.388	0.8	0.0	0.365	0.671	0.588	0.718	1.0
PRAM900104	0.257	0.322	0.586	0.671	0.27	0.382	0.401	0.822	0.197	0.079	0.132	0.375	0.0	0.125	1.0	0.618	0.421	0.237	0.434	0.053
PTIO830101	0.87	0.739	0.609	0.478	0.739	0.783	0.783	0.435	0.652	0.87	1.0	0.783	0.913	0.87	0.0	0.565	0.565	0.87	0.87	0.739
PTIO830102	0.211	0.132	0.105	0.079	0.447	0.211	0.132	0.026	0.158	1.0	0.474	0.132	0.447	0.763	0.0	0.184	0.395	0.526	0.684	1.0
QIAN880101	0.725	0.569	0.294	0.51	0.0	0.431	0.451	0.451	0.373	0.353	0.588	1.0	0.49	0.588	0.118	0.118	0.412	0.373	0.216	0.431
QIAN880102	1.0	0.365	0.54	0.825	0.349	0.381	0.921	0.0	0.746	0.54	0.556	0.778	0.587	0.778	0.46	0.603	0.048	0.571	0.127	0.619
QIAN880103	1.0	0.308	0.486	0.71	0.43	0.187	0.879	0.318	0.187	0.196	0.785	0.243	0.523	0.374	0.0	0.308	0.336	0.383	0.047	0.393
QIAN880104	0.842	0.561	0.553	0.684	0.544	0.816	0.833	0.0	0.36	0.588	1.0	0.421	0.825	0.798	0.289	0.439	0.412	0.807	0.325	0.579
QIAN880105	1.0	0.375	0.465	0.514	0.424	0.424	0.833	0.021	0.431	0.472	0.951	0.549	0.799	0.569	0.0	0.347	0.458	0.667	0.5	0.611
QIAN880106	0.931	0.84	0.42	0.718	0.534	0.679	0.824	0.0	0.603	0.649	0.824	0.588	1.0	0.786	0.053	0.405	0.389	0.725	0.435	0.771
QIAN880107	1.0	0.799	0.45	0.391	0.574	0.751	0.817	0.243	0.633	0.663	0.947	0.757	0.905	0.68	0.0	0.385	0.343	0.604	0.456	0.846
QIAN880108	0.826	0.74	0.63	0.536	0.691	0.774	0.781	0.528	0.804	0.577	0.917	0.789	1.0	0.883	0.0	0.615	0.577	0.758	0.63	0.792
QIAN880109	0.754	0.729	0.655	0.34	0.645	0.749	0.754	0.498	0.847	0.69	0.936	0.872	1.0	0.764	0.0	0.552	0.586	0.7	0.64	0.773
QIAN880110	0.859	0.791	0.644	0.272	0.56	0.911	0.665	0.476	0.963	0.618	0.99	0.942	1.0	0.749	0.0	0.44	0.466	0.77	0.654	0.691
QIAN880111	0.717	0.636	0.572	0.26	0.526	0.671	0.462	0.509	0.809	0.775	1.0	0.757	0.948	0.561	0.0	0.434	0.451	0.717	0.688	0.595
QIAN880112	0.699	0.719	0.555	0.356	0.377	0.39	0.404	0.301	0.767	0.555	1.0	0.856	0.719	0.61	0.0	0.541	0.466	0.795	0.651	0.616
QIAN880113	0.391	0.54	0.391	0.207	0.195	0.161	0.264	0.368	0.816	0.471	0.805	1.0	0.609	0.483	0.0	0.563	0.103	0.897	0.483	0.333
QIAN880114	0.289	0.349	0.843	0.566	0.193	0.759	0.434	0.783	0.795	0.0	0.229	0.542	0.0	0.289	0.349	1.0	0.904	0.386	0.386	0.422
QIAN880115	0.554	0.584	0.97	0.475	0.297	0.574	0.653	0.693	0.782	0.297	0.317	0.644	0.0	0.446	0.822	1.0	0.911	0.416	0.713	0.475
QIAN880116	0.343	0.672	0.657	0.537	0.194	0.657	0.478	0.91	0.388	0.507	0.0	0.493	0.06	0.149	0.701	1.0	0.955	0.343	0.701	0.403
QIAN880117	0.455	0.709	0.336	0.491	0.0	0.482	0.227	1.0	0.545	0.727	0.064	0.618	0.8	0.655	0.6	0.473	0.582	0.491	0.745	0.845
QIAN880118	0.207	0.712	0.009	0.0	0.432	0.55	0.018	0.82	0.198	1.0	0.568	0.225	0.748	0.703	0.207	0.586	0.514	0.622	0.748	0.919
QIAN880119	0.435	0.591	0.011	0.011	0.559	0.468	0.306	0.247	0.306	1.0	0.661	0.242	0.72	0.683	0.0	0.425	0.753	0.672	0.715	0.898
QIAN880120	0.423	0.521	0.201	0.098	0.585	0.479	0.265	0.222	0.462	1.0	0.628	0.278	0.667	0.735	0.0	0.397	0.603	0.722	0.859	0.825
QIAN880121	0.459	0.536	0.423	0.329	0.788	0.428	0.239	0.324	0.559	1.0	0.689	0.329	0.554	0.667	0.0	0.45	0.613	0.676	0.815	0.878
QIAN880122	0.613	0.496	0.285	0.496	0.839	0.088	0.321	0.679	0.591	0.92	0.81	0.204	0.504	0.723	0.0	0.599	0.467	0.642	0.825	1.0
QIAN880123	0.133	0.429	0.6	0.362	0.676	0.0	0.286	0.629	0.638	0.514	0.438	0.238	0.352	0.429	0.095	0.81	1.0	0.343	0.448	0.61
QIAN880124	0.174	0.402	0.576	0.652	0.391	0.0	0.457	1.0	0.446	0.239	0.033	0.033	0.207	0.467	0.196	0.88	0.804	0.424	0.576	0.63
QIAN880125	0.517	0.584	0.573	0.663	0.517	0.348	0.652	0.966	0.438	0.0	0.247	0.101	0.382	0.506	0.494	1.0	0.944	0.528	0.449	0.337
QIAN880126	0.451	0.529	0.608	0.745	0.324	0.471	0.471	0.676	0.696	0.314	0.059	0.088	0.0	0.186	0.873	0.931	1.0	0.196	0.853	0.51
QIAN880127	0.493	0.64	0.56	0.76	0.96	0.453	0.533	0.373	0.467	0.907	0.613	0.0	0.893	0.68	0.973	0.413	0.48	0.813	1.0	0.613
QIAN880128	0.229	0.663	0.0	0.566	0.952	0.506	0.217	0.795	0.229	0.386	0.867	0.217	1.0	0.542	0.506	0.181	0.434	0.651	0.723	0.518
QIAN880129	0.0	0.645	0.566	0.158	0.816	0.75	0.026	0.289	0.842	0.947	0.434	1.0	0.553	0.895	0.934	0.263	0.224	0.763	0.684	0.434
QIAN880130	0.358	0.484	0.737	0.274	1.0	0.253	0.326	0.737	0.737	0.2	0.326	0.558	0.0	0.232	0.705	0.789	0.663	0.4	0.537	0.211
QIAN880131	0.208	0.465	0.806	0.799	0.507	0.444	0.299	0.444	0.674	0.007	0.0	0.479	0.056	0.181	1.0	0.549	0.493	0.076	0.25	0.069
QIAN880132	0.261	0.204	0.695	0.619	0.381	0.345	0.327	0.885	0.46	0.053	0.142	0.58	0.044	0.173	1.0	0.558	0.336	0.177	0.358	0.0
QIAN880133	0.291	0.353	0.689	0.735	0.369	0.424	0.398	0.828	0.443	0.049	0.204	0.456	0.149	0.301	1.0	0.631	0.521	0.307	0.294	0.0
QIAN880134	0.23	0.291	0.442	0.503	0.187	0.307	0.325	0.564	0.239	0.104	0.058	0.356	0.086	0.117	1.0	0.405	0.344	0.169	0.153	0.0
QIAN880135	0.276	0.423	0.481	0.611	0.297	0.381	0.36	0.485	0.205	0.121	0.0	0.276	0.1	0.23	1.0	0.469	0.423	0.264	0.188	0.042
QIAN880136	0.421	0.349	0.359	0.815	0.256	0.349	0.462	0.487	0.128	0.369	0.0	0.195	0.164	0.313	1.0	0.482	0.405	0.313	0.467	0.359
QIAN880137	0.116	0.289	0.264	0.727	0.388	0.562	0.512	0.264	0.198	0.306	0.215	0.413	0.0	0.455	1.0	0.289	0.14	0.289	0.157	0.314
QIAN880138	0.114	0.14	0.368	0.614	0.482	0.728	0.561	0.439	0.123	0.684	0.0	0.184	0.149	0.298	1.0	0.061	0.053	0.158	0.377	0.57
QIAN880139	0.57	0.473	0.419	0.527	0.882	1.0	0.871	0.462	0.0	0.581	0.742	0.194	0.656	0.849	0.656	0.108	0.441	0.419	0.269	0.677
RACS770101	0.579	0.676	0.759	0.786	0.462	0.969	0.759	0.859	0.4	0.0	0.203	0.945	0.131	0.024	0.969	1.0	0.834	0.283	0.569	0.203
RACS770102	0.428	0.764	0.619	0.684	0.281	0.839	0.741	0.652	0.369	0.037	0.147	1.0	0.114	0.0	0.727	0.705	0.629	0.283	0.642	0.185
RACS770103	0.217	0.377	0.449	0.646	0.029	0.991	0.571	0.351	0.131	0.049	0.031	1.0	0.0	0.009	0.469	0.346	0.309	0.1	0.377	0.054
RACS820101	0.133	1.0	0.156	0.615	0.17	0.77	0.83	0.644	0.681	0.0	0.267	0.156	0.37	0.133	0.593	0.615	0.956	0.119	0.496	0.163
RACS820102	1.0	0.522	0.12	0.348	0.413	0.63	0.902	0.0	0.359	0.467	0.598	0.663	0.815	0.37	0.87	0.424	0.228	0.62	0.022	0.239
RACS820103	0.287	0.909	0.724	0.923	0.0	0.0	0.916	0.57	0.0	0.811	0.0	1.0	0.0	0.0	0.0	0.43	0.867	0.0	0.664	0.566
RACS820104	0.136	0.491	0.333	0.308	1.0	0.19	0.194	0.264	0.227	0.311	0.183	0.161	0.0	0.242	0.484	0.33	0.425	0.209	0.33	0.256
RACS820105	0.143	0.23	0.254	0.365	0.349	0.183	0.246	0.0	0.929	0.722	0.31	0.103	0.802	0.651	0.135	0.349	0.206	1.0	0.778	0.683
RACS820106	0.0	0.215	0.871	0.344	0.151	0.24	0.369	1.0	0.369	0.054	0.237	0.147	0.57	0.323	0.19	0.308	0.24	0.459	0.201	0.122
RACS820107	0.134	0.403	0.416	0.534	1.0	0.168	0.423	0.634	0.909	0.44	0.191	0.292	0.0	0.426	0.128	0.309	0.463	0.513	0.601	0.319
RACS820108	1.0	0.626	0.602	0.764	0.496	0.951	0.959	0.171	0.829	0.707	0.878	0.902	0.943	0.854	0.0	0.52	0.455	0.829	0.537	0.553
RACS820109	0.0	0.0	0.638	0.331	0.0	0.0	0.0	1.0	0.0	0.0	0.0	0.0	0.0	0.325	0.307	0.0	0.191	0.0	0.293	0.0
RACS820110	0.266	0.258	0.391	0.584	0.279	0.279	0.185	0.854	0.0	0.185	0.283	0.232	0.399	0.004	1.0	0.335	0.159	0.352	0.296	0.206
RACS820111	0.289	0.807	0.281	0.0	0.421	0.298	0.114	0.158	0.421	1.0	0.377	0.351	0.623	0.798	0.675	0.325	0.684	0.456	0.921	0.965
RACS820112	0.427	0.513	0.496	0.509	1.0	0.655	0.586	0.603	0.457	0.349	0.543	0.392	0.431	0.539	0.0	0.647	0.509	0.573	0.47	0.435
RACS820113	0.226	0.38	0.878	0.308	0.659	0.166	0.339	1.0	0.447	0.212	0.0	0.204	0.357	0.197	0.479	0.332	0.295	0.458	0.572	0.226
RACS820114	0.024	0.108	0.0	0.159	0.435	0.22	0.118	0.604	0.232	0.171	0.018	0.012	0.18	0.154	1.0	0.127	0.192	0.159	0.327	0.212
RADA880101	0.843	0.0	0.417	0.312	0.817	0.473	0.409	0.799	0.517	1.0	1.0	0.472	0.87	0.902	0.752	0.581	0.622	0.869	0.745	0.956
RADA880102	0.48	0.0	0.342	0.345	0.345	0.326	0.138	0.345	0.593	0.877	0.804	0.366	0.689	0.89	0.345	0.355	0.415	1.0	0.77	0.653
RADA880103	0.863	0.332	0.535	0.619	0.589	0.452	0.495	1.0	0.269	0.563	0.577	0.439	0.453	0.463	0.85	0.678	0.611	0.0	0.232	0.638
RADA880104	0.888	0.0	0.416	0.811	0.811	0.485	0.452	0.868	0.477	0.983	1.0	0.476	0.873	0.865	0.811	0.606	0.642	0.801	0.706	0.982
RADA880105	0.954	0.0	0.425	0.886	0.886	0.443	0.436	1.0	0.352	0.891	0.911	0.429	0.753	0.75	0.886	0.643	0.641	0.486	0.517	0.925
RADA880106	0.345	0.922	0.539	0.525	0.498	0.654	0.673	0.194	0.693	0.671	0.64	0.792	0.728	0.842	0.0	0.403	0.523	1.0	0.883	0.579
RADA880107	0.82	0.0	0.519	0.573	0.919	0.4	0.614	0.803	0.6	1.0	0.878	0.224	0.837	0.919	0.919	0.664	0.678	0.719	0.573	0.949
RADA880108	0.441	0.134	0.276	0.15	1.0	0.177	0.161	0.303	0.657	0.98	0.941	0.0	0.965	0.965	0.465	0.268	0.358	0.811	0.594	0.894
RICJ880101	0.25	0.063	0.562	0.688	0.188	0.438	0.438	0.813	0.562	0.375	0.375	0.438	0.0	0.562	0.25	0.813	0.0	0.5	1.0	0.25
RICJ880102	0.25	0.063	0.562	0.688	0.188	0.438	0.438	0.813	0.562	0.375	0.375	0.438	0.0	0.562	0.25	0.813	0.0	0.5	1.0	0.25
RICJ880103	0.118	0.088	1.0	0.588	0.147	0.088	0.088	0.5	0.294	0.029	0.029	0.176	0.206	0.029	0.206	0.647	0.441	0.059	0.206	0.0
RICJ880104	0.391	0.174	0.174	0.217	0.217	0.174	0.826	0.0	0.174	0.261	0.261	0.13	0.0	0.087	1.0	0.174	0.217	0.783	0.652	0.348
RICJ880105	0.565	0.261	0.174	1.0	0.391	0.217	0.739	0.261	0.174	0.174	0.0	0.304	0.304	0.261	0.087	0.217	0.174	0.609	0.043	0.13
RICJ880106	0.207	0.0	0.103	0.621	0.069	0.379	1.0	0.069	0.103	0.0	0.069	0.138	0.207	0.069	0.0	0.0	0.207	0.345	0.276	0.241
RICJ880107	0.355	0.484	0.0	0.097	0.355	0.419	0.161	0.129	0.484	0.355	0.839	0.258	0.548	0.613	0.032	0.129	0.161	1.0	0.194	0.484
RICJ880108	0.706	0.588	0.588	0.235	0.824	0.706	0.412	0.235	0.412	0.412	0.529	1.0	0.882	0.471	0.059	0.529	0.235	0.706	0.0	0.353
RICJ880109	1.0	0.667	0.4	0.467	0.267	0.667	0.333	0.133	0.467	0.6	0.6	0.533	0.8	0.667	0.0	0.2	0.467	0.8	0.333	0.6
RICJ880110	0.667	0.37	0.222	0.259	0.0	0.37	0.407	0.185	0.889	0.481	0.444	0.519	1.0	0.704	0.111	0.185	0.185	0.407	0.481	0.148
RICJ880111	0.448	0.276	0.207	0.172	0.241	0.069	0.241	0.172	0.655	0.552	0.483	0.345	0.966	1.0	0.0	0.172	0.207	0.724	0.276	0.483
RICJ880112	0.318	0.364	0.364	0.273	0.091	0.591	0.727	0.045	0.5	0.636	0.864	1.0	0.455	0.818	0.0	0.273	0.318	0.182	0.5	0.591
RICJ880113	0.632	1.0	0.368	0.263	0.526	0.737	0.789	0.0	0.842	0.105	0.316	0.895	0.579	0.053	0.0	0.737	0.368	0.105	0.053	0.263
RICJ880114	0.324	0.294	0.353	0.118	0.471	0.618	0.235	0.059	1.0	0.206	0.206	0.588	0.294	0.206	0.0	0.5	0.294	0.0	0.353	0.206
RICJ880115	0.205	0.231	0.41	0.179	0.103	0.231	0.077	1.0	0.333	0.179	0.179	0.333	0.205	0.128	0.179	0.205	0.077	0.0	0.205	0.051
RICJ880116	0.5	0.722	0.444	0.722	0.389	0.722	0.389	0.611	0.611	0.556	0.444	0.611	0.389	0.0	1.0	0.333	0.389	0.167	0.444	0.278
RICJ880117	0.259	0.407	0.556	0.519	0.148	0.407	0.259	0.222	0.37	0.259	0.185	0.481	0.0	0.444	0.556	0.333	0.778	1.0	0.185	0.37
ROBB760101	0.921	0.47	0.213	0.555	0.445	0.585	1.0	0.0	0.598	0.561	0.72	0.665	0.848	0.622	0.055	0.287	0.366	0.598	0.25	0.61
ROBB760102	0.484	0.0	0.355	0.813	0.387	0.29	1.0	0.0	0.155	0.077	0.2	0.071	0.11	0.265	0.858	0.11	0.484	0.277	0.097	0.052
ROBB760103	0.983	0.77	0.557	0.657	0.597	0.78	0.833	0.533	0.727	0.867	0.943	0.777	1.0	0.853	0.0	0.66	0.627	0.893	0.607	0.843
ROBB760104	0.842	0.814	0.666	0.631	0.962	0.855	0.849	0.508	0.956	0.754	0.773	1.0	0.88	0.82	0.0	0.71	0.653	0.741	0.751	0.842
ROBB760105	0.229	0.458	0.076	0.051	0.797	0.525	0.0	0.068	0.212	0.992	0.619	0.144	0.619	0.644	0.271	0.28	0.534	0.339	0.763	1.0
ROBB760106	0.342	0.538	0.247	0.234	0.747	0.563	0.0	0.266	0.323	1.0	0.747	0.329	0.747	0.703	0.095	0.361	0.62	0.532	0.722	0.962
ROBB760107	0.333	0.432	0.153	0.099	0.82	0.55	0.613	0.027	0.405	0.324	0.0	0.054	0.144	0.396	1.0	0.45	0.333	0.027	0.766	0.577
ROBB760108	0.085	0.692	0.872	0.778	0.889	0.547	0.111	1.0	0.487	0.12	0.034	0.598	0.103	0.359	0.735	0.735	0.538	0.803	0.761	0.0
ROBB760109	0.093	0.398	0.898	0.759	0.37	0.361	0.231	0.287	0.676	0.352	0.185	0.287	0.0	0.472	1.0	0.565	0.333	0.324	0.685	0.074
ROBB760110	0.174	0.682	0.826	0.674	1.0	0.379	0.212	0.962	0.333	0.0	0.061	0.742	0.167	0.25	0.803	0.689	0.576	0.78	0.818	0.061
ROBB760111	0.184	0.56	0.432	0.432	0.8	0.752	0.136	0.952	0.416	0.44	0.256	0.584	0.352	0.608	0.0	0.6	0.576	1.0	0.584	0.112
ROBB760112	0.21	0.333	0.886	0.448	0.0	0.4	0.029	0.914	0.6	0.133	0.257	0.371	0.057	0.057	1.0	0.686	0.61	0.562	0.39	0.114
ROBB760113	0.101	0.748	0.924	0.79	0.849	0.546	0.092	1.0	0.454	0.151	0.076	0.613	0.084	0.328	0.824	0.798	0.529	0.773	0.798	0.0
ROBB790101	0.038	0.288	0.096	0.0	0.635	0.212	0.096	0.288	0.442	1.0	0.615	0.058	0.577	0.769	0.308	0.0	0.135	0.808	0.635	0.5
ROSG850101	0.147	0.614	0.25	0.216	0.429	0.348	0.315	0.0	0.575	0.588	0.626	0.325	0.68	0.811	0.186	0.14	0.27	1.0	0.71	0.483
ROSG850102	0.564	0.308	0.282	0.256	1.0	0.256	0.256	0.513	0.667	0.923	0.846	0.0	0.846	0.923	0.308	0.359	0.462	0.846	0.615	0.872
ROSM880101	0.168	1.0	0.683	0.78	0.189	0.628	0.69	0.211	0.46	0.014	0.014	0.611	0.126	0.0	0.097	0.495	0.463	0.025	0.275	0.069
ROSM880102	0.36	1.0	0.773	0.675	0.174	0.752	0.704	0.454	0.607	0.031	0.031	0.799	0.22	0.0	0.209	0.468	0.396	0.053	0.592	0.149
ROSM880103	0.308	0.231	0.692	0.615	0.385	0.538	1.0	0.0	0.769	0.308	0.462	0.308	0.231	0.538	0.692	0.308	0.308	0.462	0.923	0.308
SIMZ760101	0.268	0.268	0.029	0.206	0.258	0.0	0.21	0.032	0.387	0.99	0.835	0.516	0.452	0.887	0.871	0.045	0.174	1.0	0.99	0.577
SNEP660101	0.653	0.421	0.736	0.091	0.496	0.826	0.223	0.0	0.372	0.934	1.0	0.562	0.769	0.612	0.041	0.628	0.438	0.19	0.273	0.785
SNEP660102	0.949	0.299	0.226	0.049	0.62	0.199	0.0	1.0	0.425	0.716	0.691	0.429	0.407	0.511	1.0	0.553	0.7	0.511	0.348	0.84
SNEP660103	0.225	0.468	0.192	0.0	0.13	0.28	0.05	0.272	0.778	0.368	0.356	0.429	0.314	0.929	0.346	0.17	0.099	1.0	0.856	0.167
SNEP660104	0.367	0.243	0.639	0.347	0.893	0.411	0.222	0.421	0.508	0.074	0.127	0.0	0.533	0.529	0.398	1.0	0.855	0.501	0.703	0.189
SUEM840101	0.788	0.726	0.317	0.146	0.544	0.634	0.622	0.0	0.425	0.901	0.901	0.571	1.0	0.813	0.112	0.278	0.371	0.847	0.704	0.589
SUEM840102	0.103	0.0	0.0	0.909	0.337	0.428	0.077	0.0	0.0	0.714	0.428	0.012	0.701	0.233	0.545	0.0	0.0	1.0	0.857	0.0
SWER830101	0.282	0.223	0.121	0.0	0.458	0.124	0.028	0.198	0.207	0.793	0.783	0.198	0.721	1.0	0.254	0.235	0.319	0.56	0.923	0.687
TANS770101	0.814	0.496	0.186	0.451	0.204	0.46	1.0	0.0	0.619	0.549	0.699	0.655	0.628	0.584	0.133	0.186	0.248	0.487	0.15	0.434
TANS770102	0.436	0.52	0.199	0.605	0.222	0.745	0.322	0.166	1.0	0.592	0.55	0.555	0.0	0.444	0.965	0.241	0.905	0.888	0.37	0.189
TANS770103	0.29	0.62	0.336	0.0	0.822	0.566	0.126	0.217	0.372	0.925	0.647	0.228	0.626	0.581	0.801	0.627	0.762	0.65	0.902	1.0
TANS770104	0.294	0.15	0.101	0.244	0.108	0.328	0.198	0.229	0.084	0.081	0.078	0.246	0.163	0.0	1.0	0.384	0.286	0.027	0.158	0.095
TANS770105	0.168	0.263	1.0	0.697	0.618	0.281	0.249	0.882	0.684	0.154	0.252	0.398	0.13	0.618	0.0	0.513	0.301	0.583	0.583	0.251
TANS770106	0.491	1.0	0.583	0.945	0.534	0.582	0.324	0.467	0.586	0.0	0.407	0.696	0.458	0.404	0.368	0.625	0.846	0.404	0.678	0.289
TANS770107	0.068	0.324	0.744	0.215	0.415	0.557	0.067	1.0	0.249	0.062	0.0	0.302	0.0	0.092	0.0	0.038	0.051	0.0	0.154	0.039
TANS770108	0.097	0.618	0.443	1.0	0.0	0.0	0.0	0.148	0.356	0.615	0.123	0.247	0.291	0.395	0.123	0.322	0.513	0.527	0.0	0.28
TANS770109	0.292	0.0	0.421	0.478	0.285	0.171	0.326	1.0	0.081	0.155	0.198	0.293	0.334	0.13	0.108	0.39	0.251	0.207	0.273	0.099
TANS770110	0.414	0.515	0.964	0.979	0.619	0.582	0.323	0.961	0.67	0.0	0.222	0.633	0.226	0.456	1.0	0.862	0.644	0.456	0.693	0.199
VASM830101	0.437	1.0	0.65	0.976	0.521	0.79	0.608	0.143	0.745	0.57	0.717	0.559	0.801	0.269	0.493	0.0	0.315	0.545	0.196	0.962
VASM830102	0.617	0.55	0.313	0.225	0.734	0.446	0.531	0.455	0.345	0.07	0.771	0.688	0.512	0.023	0.937	0.868	1.0	0.138	0.0	0.408
VASM830103	0.16	0.211	0.488	0.34	0.201	0.272	0.228	0.0	0.267	0.773	0.049	0.16	0.217	0.92	0.461	0.147	0.036	0.602	1.0	0.366
VELV850101	0.295	0.76	0.028	1.0	0.657	0.602	0.046	0.04	0.191	0.0	0.0	0.294	0.651	0.749	0.157	0.657	0.745	0.434	0.408	0.045
VENT840101	0.0	0.0	0.0	0.0	0.0	0.0	0.0	0.0	0.0	1.0	1.0	0.0	0.0	1.0	0.0	0.0	0.0	1.0	1.0	1.0
VHEG790101	0.162	1.0	0.429	0.738	0.424	0.394	0.634	0.231	0.462	0.06	0.068	0.518	0.214	0.0	0.454	0.334	0.291	0.095	0.334	0.094
WARP780101	1.0	0.316	0.218	0.241	0.796	0.179	0.172	0.637	0.548	0.766	0.778	0.0	0.842	0.635	0.601	0.475	0.461	0.651	0.443	0.794
WEBA780101	0.896	0.883	0.896	0.87	0.844	0.805	0.831	0.935	0.818	0.727	0.688	1.0	0.701	0.416	0.805	0.987	0.935	0.0	0.377	0.844
WERD780101	0.375	0.321	0.196	0.107	0.929	0.071	0.125	0.179	0.696	0.857	0.821	0.0	0.804	1.0	0.071	0.321	0.125	0.982	0.589	0.732
WERD780102	0.522	0.324	1.0	0.302	0.368	0.132	0.187	0.346	0.335	0.33	0.192	0.368	0.0	0.297	0.11	0.429	0.462	0.253	0.203	0.181
WERD780103	0.335	0.0	0.684	0.097	0.116	0.2	0.329	0.471	0.077	0.252	0.277	0.135	0.31	1.0	0.31	0.323	0.419	0.161	0.361	0.187
WERD780104	0.608	0.333	0.192	0.0	0.808	0.45	0.142	0.892	0.258	0.717	0.525	0.292	0.692	1.0	0.275	0.575	0.742	0.158	0.158	0.575
WOEC730101	0.259	0.519	0.63	1.0	0.074	0.457	0.938	0.37	0.432	0.0	0.0	0.642	0.049	0.012	0.21	0.321	0.21	0.049	0.099	0.086
WOLR810101	0.98	0.0	0.459	0.402	0.837	0.472	0.436	1.0	0.433	0.989	0.995	0.466	0.827	0.859	0.728	0.666	0.674	0.629	0.619	0.982
WOLS870101	0.583	0.911	0.951	1.0	0.658	0.829	0.935	0.835	0.856	0.056	0.085	0.907	0.284	0.0	0.432	0.804	0.682	0.02	0.412	0.261
WOLS870102	0.403	0.875	0.756	0.72	0.487	0.654	0.638	0.0	0.788	0.408	0.481	0.751	0.565	0.739	0.693	0.414	0.363	1.0	0.852	0.314
WOLS870103	0.466	0.0	0.565	0.766	1.0	0.304	0.445	0.494	0.601	0.318	0.325	0.04	0.4	0.514	0.749	0.53	0.269	0.567	0.456	0.284
YUTK870101	0.506	0.0	0.488	0.506	0.655	0.375	0.524	0.423	0.601	1.0	0.893	0.47	0.792	0.667	0.488	0.44	0.524	0.589	0.524	0.714
YUTK870102	0.557	0.0	0.508	0.574	0.68	0.697	0.402	0.525	0.754	0.82	1.0	0.615	0.689	0.68	0.566	0.656	0.574	0.467	0.557	0.77
YUTK870103	0.971	0.0	0.938	0.932	0.976	0.963	0.975	0.98	0.993	1.0	0.999	0.965	0.973	0.929	0.975	0.944	0.942	0.923	0.966	0.983
YUTK870104	0.966	0.0	0.95	0.934	0.929	0.964	0.935	0.967	0.97	1.0	0.99	0.956	0.963	0.934	0.977	0.94	0.922	0.878	0.949	0.988
ZASB820101	0.378	0.469	0.303	0.082	0.599	0.335	0.0	0.322	0.599	0.474	0.45	0.509	0.443	0.601	0.335	0.303	0.351	1.0	0.599	0.417
ZIMJ680101	0.27	0.27	0.029	0.208	0.482	0.0	0.212	0.033	0.358	1.0	0.821	0.521	0.456	0.896	0.879	0.046	0.176	0.101	0.967	0.583
ZIMJ680102	0.443	0.596	0.516	0.453	0.551	0.605	0.557	0.0	0.563	0.985	0.985	0.674	0.703	0.898	0.768	0.332	0.677	1.0	0.801	0.995
ZIMJ680103	0.0	1.0	0.065	0.956	0.028	0.068	0.96	0.0	0.992	0.002	0.002	0.952	0.028	0.007	0.03	0.032	0.032	0.04	0.031	0.002
ZIMJ680104	0.404	1.0	0.33	0.0	0.285	0.36	0.056	0.401	0.603	0.407	0.402	0.872	0.372	0.339	0.442	0.364	0.362	0.39	0.362	0.399
ZIMJ680105	0.444	0.112	0.163	0.0	0.0	0.388	0.025	0.175	0.337	0.894	0.925	0.044	0.756	1.0	0.75	0.256	0.419	0.894	0.762	0.719
AURR980101	0.42	0.679	0.235	0.728	0.0	0.42	1.0	0.716	0.679	0.58	0.432	0.531	0.346	0.568	0.716	0.111	0.333	0.383	0.543	0.37
AURR980102	0.633	0.811	0.711	0.711	0.0	0.544	0.7	0.933	0.667	0.522	0.433	0.722	0.789	0.789	1.0	0.678	0.433	0.544	0.789	0.511
AURR980103	0.542	0.253	0.373	0.952	0.0	0.325	0.614	0.795	1.0	0.422	0.434	0.446	0.47	0.422	0.542	0.434	0.518	0.554	0.41	0.024
AURR980104	0.149	0.281	0.579	1.0	0.07	0.439	0.456	0.491	0.333	0.193	0.377	0.07	0.386	0.263	0.658	0.544	0.482	0.088	0.193	0.0
AURR980105	0.248	0.322	0.752	1.0	0.0	0.562	0.471	0.504	0.38	0.339	0.347	0.388	0.504	0.488	0.62	0.727	0.86	0.471	0.372	0.248
AURR980106	0.412	0.387	0.225	0.431	0.0	0.515	1.0	0.142	0.279	0.392	0.284	0.402	0.314	0.314	0.691	0.27	0.25	0.49	0.358	0.245
AURR980107	0.561	0.277	0.097	0.723	0.0	0.697	1.0	0.084	0.542	0.077	0.252	0.181	0.374	0.31	0.271	0.11	0.258	0.374	0.135	0.116
AURR980108	0.826	0.761	0.258	0.484	0.239	0.826	1.0	0.265	0.329	0.665	0.884	0.432	0.987	0.613	0.0	0.297	0.387	0.987	0.323	0.639
AURR980109	0.724	0.648	0.271	0.276	0.267	0.667	0.624	0.162	0.41	0.686	0.633	0.59	1.0	0.648	0.0	0.195	0.295	0.51	0.429	0.548
AURR980110	1.0	0.958	0.352	0.455	0.242	0.497	0.958	0.103	0.188	0.57	0.8	0.661	0.903	0.491	0.0	0.315	0.333	0.321	0.461	0.4
AURR980111	0.84	0.82	0.213	0.52	0.0	0.767	1.0	0.027	0.38	0.66	0.667	0.56	0.587	0.587	0.12	0.267	0.313	0.28	0.52	0.513
AURR980112	0.787	0.738	0.287	0.451	0.104	0.805	0.823	0.055	0.463	0.512	0.732	0.591	1.0	0.402	0.0	0.293	0.36	0.805	0.524	0.451
AURR980113	0.776	0.547	0.294	0.285	0.262	0.379	0.509	0.117	0.322	0.505	0.808	0.537	1.0	0.598	0.0	0.271	0.182	0.701	0.481	0.407
AURR980114	0.746	0.781	0.337	0.314	0.219	0.769	0.805	0.077	0.562	0.893	0.923	0.97	1.0	0.68	0.0	0.207	0.296	0.55	0.562	0.598
AURR980115	0.995	0.881	0.362	0.476	0.162	0.654	1.0	0.162	0.465	0.47	0.876	0.865	0.714	0.346	0.0	0.368	0.254	0.524	0.378	0.259
AURR980116	0.752	0.931	0.848	0.428	0.234	0.917	0.807	0.441	1.0	0.352	0.869	0.931	0.862	0.759	0.0	0.634	0.497	0.331	0.662	0.248
AURR980117	0.143	0.291	0.413	0.152	0.0	0.222	0.209	1.0	0.526	0.087	0.096	0.326	0.13	0.261	0.096	0.087	0.165	0.061	0.213	0.039
AURR980118	0.356	0.397	0.205	0.658	0.0	0.479	0.548	0.562	1.0	0.644	0.671	0.822	0.603	0.521	0.466	0.055	0.233	0.534	0.658	0.096
AURR980119	0.474	0.589	0.44	0.52	0.0	0.469	0.6	0.406	0.354	0.406	0.349	0.497	0.4	0.331	1.0	0.286	0.303	0.371	0.217	0.291
AURR980120	0.387	0.622	0.535	0.833	0.349	0.486	0.684	0.61	0.647	0.597	0.467	0.628	0.442	0.535	1.0	0.349	0.0	0.721	0.473	0.641
ONEK900101	1.0	0.986	0.797	0.754	0.739	0.913	0.826	0.696	0.739	0.797	0.942	0.942	0.913	0.812	0.0	0.826	0.754	0.855	0.812	0.783
ONEK900102	0.0	0.024	0.186	0.164	0.143	0.117	0.133	0.204	0.188	0.143	0.04	0.032	0.072	0.095	1.0	0.111	0.175	0.085	0.159	0.167
VINM940101	0.404	0.525	0.727	0.828	0.01	0.672	0.96	0.641	0.232	0.116	0.157	1.0	0.242	0.056	0.732	0.717	0.47	0.0	0.126	0.136
VINM940102	0.658	0.633	0.99	0.949	0.051	0.796	0.969	1.0	0.474	0.281	0.245	0.923	0.423	0.311	0.796	0.995	0.704	0.0	0.066	0.25
VINM940103	0.508	0.78	0.746	0.746	0.042	0.907	1.0	0.712	0.28	0.364	0.407	0.805	0.246	0.0	0.983	0.771	0.542	0.034	0.398	0.288
VINM940104	0.15	0.55	0.417	0.8	0.183	0.717	0.867	0.167	0.05	0.033	0.15	1.0	0.533	0.0	0.583	0.617	0.35	0.367	0.233	0.117
MUNV940101	0.144	0.189	0.416	0.395	0.399	0.24	0.0	0.56	0.357	0.224	0.184	0.252	0.156	0.303	1.0	0.428	0.403	0.294	0.344	0.303
MUNV940102	0.0	0.115	0.405	0.27	0.42	0.13	0.048	0.639	0.357	0.221	0.104	0.142	0.101	0.301	1.0	0.301	0.374	0.251	0.336	0.276
MUNV940103	0.617	0.497	0.752	0.831	0.216	0.582	0.622	0.644	0.416	0.043	0.281	0.554	0.307	0.161	1.0	0.509	0.275	0.241	0.137	0.0
MUNV940104	0.246	0.157	0.217	0.274	0.059	0.193	0.239	0.443	0.129	0.027	0.148	0.183	0.131	0.065	1.0	0.157	0.058	0.105	0.053	0.0
MUNV940105	0.175	0.119	0.244	0.337	0.089	0.152	0.182	0.393	0.125	0.05	0.152	0.155	0.083	0.066	1.0	0.109	0.04	0.076	0.036	0.0
WIMW960101	0.478	0.434	0.413	0.204	0.584	0.372	0.0	0.519	0.478	0.592	0.667	0.398	0.581	0.814	0.406	0.488	0.486	1.0	0.765	0.504
KIMC930101	0.375	0.214	0.321	0.268	0.161	0.286	0.268	1.0	0.179	0.0	0.143	0.268	0.179	0.018	0.589	0.304	0.143	0.143	0.107	0.054
MONM990101	0.077	1.0	1.0	0.923	0.154	0.923	0.923	0.692	0.923	0.154	0.0	0.923	0.077	0.0	1.0	0.231	0.0	0.231	0.154	0.077
BLAM930101	1.0	0.945	0.835	0.844	0.844	0.954	0.876	0.723	0.887	0.965	0.988	0.934	0.971	0.893	0.0	0.876	0.879	0.89	0.931	0.905
PARS000101	0.58	0.627	0.892	0.986	0.467	0.825	0.873	0.797	0.41	0.358	0.316	0.986	0.344	0.34	1.0	0.925	0.67	0.226	0.0	0.41
PARS000102	0.386	0.408	0.589	0.715	0.0	0.753	1.0	0.557	0.32	0.342	0.449	0.785	0.364	0.367	0.494	0.563	0.446	0.294	0.282	0.304
KUMS000101	0.943	0.455	0.432	0.648	0.0	0.25	0.716	1.0	0.182	0.727	0.773	0.625	0.193	0.307	0.409	0.386	0.58	0.08	0.443	0.864
KUMS000102	0.976	0.31	0.488	0.595	0.0	0.226	0.595	1.0	0.131	0.595	0.798	0.655	0.167	0.286	0.381	0.536	0.56	0.024	0.321	0.857
KUMS000103	1.0	0.386	0.221	0.4	0.0	0.257	0.621	0.286	0.136	0.5	0.643	0.543	0.229	0.35	0.043	0.271	0.307	0.079	0.314	0.414
KUMS000104	1.0	0.246	0.23	0.302	0.0	0.317	0.556	0.302	0.198	0.452	0.778	0.532	0.175	0.294	0.04	0.238	0.302	0.016	0.198	0.5
TAKK010101	0.405	0.302	0.149	0.202	0.124	0.099	0.182	0.0	0.492	0.711	0.702	0.434	0.492	0.95	0.62	0.107	0.285	1.0	0.711	0.632
FODM020101	0.345	0.494	0.804	0.446	0.625	0.363	0.5	0.31	0.756	0.696	0.786	0.47	0.47	0.726	0.0	0.429	0.369	1.0	0.929	0.643
NADH010101	0.807	0.0	0.303	0.29	1.0	0.15	0.177	0.577	0.37	0.97	0.93	0.533	0.873	0.92	0.35	0.5	0.59	0.81	0.577	0.947
NADH010102	0.749	0.178	0.354	0.371	1.0	0.225	0.263	0.561	0.439	0.909	0.901	0.0	0.813	0.915	0.368	0.523	0.591	0.801	0.632	0.915
NADH010103	0.596	0.123	0.233	0.319	1.0	0.139	0.183	0.41	0.356	0.795	0.792	0.0	0.71	0.871	0.211	0.369	0.498	0.789	0.58	0.833
NADH010104	0.51	0.095	0.167	0.31	1.0	0.095	0.163	0.333	0.324	0.752	0.745	0.0	0.673	0.837	0.137	0.294	0.471	0.791	0.549	0.775
NADH010105	0.395	0.028	0.039	0.31	1.0	0.0	0.107	0.21	0.199	0.673	0.676	0.278	0.63	0.776	0.007	0.181	0.431	0.722	0.463	0.705
NADH010106	0.33	0.141	0.08	0.453	1.0	0.11	0.291	0.171	0.162	0.569	0.566	0.199	0.569	0.673	0.0	0.19	0.557	0.713	0.398	0.673
NADH010107	0.282	0.197	0.076	0.824	1.0	0.206	0.54	0.143	0.134	0.347	0.364	0.536	0.421	0.547	0.0	0.174	0.664	0.675	0.271	0.534
MONM990201	0.007	0.082	0.088	1.0	0.027	0.075	0.068	0.054	0.075	0.014	0.0	0.075	0.014	0.0	0.088	0.041	0.027	0.041	0.041	0.007
KOEP990101	0.21	0.049	0.389	0.401	0.586	0.222	0.031	1.0	0.167	0.074	0.0	0.123	0.179	0.228	0.235	0.327	0.475	0.364	0.265	0.198
KOEP990102	0.266	0.455	0.746	0.775	0.057	1.0	0.689	0.627	0.865	0.0	0.377	0.434	0.025	0.041	0.316	0.91	0.029	0.258	0.115	0.029
CEDJ970101	0.973	0.378	0.432	0.473	0.203	0.351	0.5	0.865	0.095	0.432	1.0	0.662	0.149	0.311	0.473	0.797	0.622	0.0	0.297	0.716
CEDJ970102	0.775	0.45	0.375	0.475	0.1	0.337	0.6	0.688	0.088	0.462	1.0	0.55	0.088	0.325	0.5	0.725	0.587	0.0	0.225	0.663
CEDJ970103	0.685	0.304	0.207	0.217	0.022	0.141	0.304	0.565	0.022	0.533	1.0	0.283	0.109	0.413	0.315	0.598	0.413	0.0	0.163	0.641
CEDJ970104	0.905	0.5	0.378	0.581	0.095	0.432	0.797	0.797	0.122	0.541	1.0	0.743	0.162	0.365	0.554	0.73	0.554	0.0	0.257	0.757
CEDJ970105	0.938	0.988	0.37	0.494	0.111	0.494	0.716	0.691	0.173	0.37	0.827	0.889	0.198	0.247	0.765	1.0	0.543	0.0	0.21	0.568
FUKS010101	0.257	0.503	0.221	0.415	0.0	0.159	1.0	0.492	0.089	0.185	0.293	0.78	0.087	0.125	0.315	0.245	0.218	0.023	0.151	0.231
FUKS010102	0.512	0.52	0.411	0.655	0.0	0.391	1.0	0.605	0.197	0.191	0.326	0.784	0.124	0.128	0.355	0.404	0.4	0.018	0.155	0.258
FUKS010103	0.758	0.442	0.941	0.896	0.0	0.541	0.588	0.971	0.116	0.145	0.251	1.0	0.019	0.082	0.56	0.992	0.922	0.082	0.307	0.29
FUKS010104	0.384	0.556	0.454	0.606	0.037	0.449	0.833	0.433	0.141	0.149	0.327	1.0	0.106	0.092	0.424	0.531	0.38	0.0	0.132	0.292
FUKS010105	0.725	0.215	0.102	0.198	0.001	0.045	0.24	0.477	0.064	0.741	1.0	0.188	0.11	0.344	0.222	0.247	0.32	0.0	0.245	0.944
FUKS010106	0.843	0.172	0.136	0.182	0.017	0.089	0.194	0.539	0.08	0.735	1.0	0.109	0.158	0.321	0.186	0.317	0.371	0.0	0.197	0.818
FUKS010107	1.0	0.202	0.409	0.365	0.0	0.155	0.148	0.875	0.08	0.743	0.966	0.081	0.133	0.475	0.22	0.547	0.499	0.15	0.561	0.943
FUKS010108	0.437	0.062	0.045	0.062	0.054	0.067	0.054	0.256	0.006	0.485	1.0	0.0	0.054	0.373	0.097	0.282	0.213	0.008	0.142	0.573
FUKS010109	0.734	0.571	0.256	0.486	0.0	0.163	1.0	0.749	0.119	0.687	0.961	0.78	0.15	0.35	0.419	0.38	0.409	0.018	0.3	0.87
FUKS010110	1.0	0.486	0.382	0.589	0.0	0.33	0.84	0.83	0.187	0.691	0.991	0.623	0.196	0.325	0.381	0.517	0.555	0.0	0.248	0.803
FUKS010111	0.965	0.342	0.715	0.667	0.0	0.364	0.384	1.0	0.106	0.505	0.687	0.554	0.088	0.318	0.412	0.821	0.758	0.129	0.481	0.694
FUKS010112	0.607	0.441	0.355	0.478	0.062	0.368	0.634	0.503	0.1	0.475	1.0	0.713	0.112	0.348	0.373	0.593	0.431	0.0	0.199	0.646
MITS020101	0.0	0.354	0.0	0.0	0.0	0.18	0.183	0.0	0.209	0.0	0.0	0.53	0.0	0.0	0.0	0.0	0.0	1.0	0.73	0.0
TSAJ990101	0.157	0.778	0.36	0.311	0.238	0.511	0.461	0.0	0.576	0.61	0.611	0.623	0.627	0.781	0.355	0.187	0.343	1.0	0.804	0.458
TSAJ990102	0.154	0.791	0.366	0.321	0.235	0.517	0.473	0.0	0.582	0.606	0.607	0.627	0.625	0.778	0.355	0.187	0.347	1.0	0.809	0.454
COSI940101	0.295	0.759	0.029	1.0	0.656	0.603	0.046	0.04	0.192	0.0	0.0	0.294	0.652	0.749	0.157	0.656	0.745	0.434	0.409	0.045
PONP930101	0.471	0.321	0.164	0.021	0.76	0.178	0.092	0.275	0.326	1.0	0.734	0.0	0.603	0.665	0.012	0.155	0.256	0.681	0.591	0.859
WILM950101	0.327	0.197	0.354	0.29	0.388	0.362	0.304	0.348	0.0	0.813	0.815	0.088	0.348	1.0	0.419	0.23	0.411	0.643	0.587	0.544
WILM950102	0.468	0.357	0.151	0.023	0.314	0.117	0.218	0.161	0.194	0.612	0.79	0.028	0.0	1.0	0.245	0.141	0.402	0.737	0.368	0.442
WILM950103	0.13	0.0	0.327	0.316	1.0	0.258	0.355	0.114	0.831	0.501	0.327	0.073	0.599	0.153	0.509	0.387	0.444	0.468	0.449	0.302
WILM950104	0.064	0.448	0.566	0.246	0.783	0.308	0.419	0.189	0.0	1.0	0.399	0.444	0.353	0.543	0.278	0.481	0.311	0.642	0.041	0.493
KUHL950101	0.279	1.0	0.658	0.793	0.072	0.649	0.883	0.189	0.468	0.0	0.081	0.568	0.171	0.0	0.198	0.477	0.523	0.207	0.477	0.036
GUOD860101	0.378	0.141	0.141	0.207	0.43	0.193	0.296	0.178	0.0	0.867	0.933	0.0	0.696	0.933	0.378	0.178	0.244	1.0	0.607	0.652
JURD980101	0.646	0.0	0.167	0.156	0.792	0.148	0.198	0.465	0.198	1.0	0.927	0.103	0.729	0.823	0.333	0.479	0.458	0.483	0.396	0.969
BASU050101	0.474	0.291	0.162	0.0	0.725	0.284	0.137	0.14	0.325	0.986	1.0	0.206	0.543	0.968	0.228	0.146	0.332	0.656	0.802	0.97
BASU050102	0.275	0.205	0.042	0.008	0.866	0.149	0.061	0.0	0.305	0.917	0.92	0.112	0.46	1.0	0.02	0.064	0.173	0.982	0.773	0.738
BASU050103	0.441	0.11	0.209	0.141	0.792	0.181	0.0	0.182	0.405	1.0	0.936	0.099	0.574	0.839	0.304	0.139	0.431	0.676	0.746	0.951
SUYM030101	0.403	0.459	0.485	0.474	0.888	0.389	0.336	0.776	0.646	0.516	0.591	0.351	0.723	0.689	0.0	0.289	0.302	1.0	0.768	0.409
PUNT030101	0.308	1.0	0.756	1.0	0.449	0.859	0.718	0.538	0.5	0.167	0.167	0.936	0.192	0.0	0.692	0.59	0.551	0.333	0.41	0.308
PUNT030102	0.273	0.883	0.753	1.0	0.273	0.506	0.857	0.571	0.545	0.091	0.0	0.779	0.221	0.182	0.662	0.675	0.364	0.104	0.429	0.156
GEOR030101	0.357	0.701	0.319	0.265	0.0	0.516	0.524	0.109	0.453	0.276	0.589	0.319	0.488	0.655	1.0	0.324	0.459	0.225	0.426	0.34
GEOR030102	0.25	0.549	0.277	0.091	0.246	0.478	0.404	0.0	0.201	0.161	0.513	0.195	0.151	0.536	1.0	0.168	0.344	0.066	0.11	0.151
GEOR030103	0.435	0.778	0.373	0.295	0.0	0.397	0.781	0.356	0.729	0.518	0.542	0.459	0.674	0.731	1.0	0.466	0.573	0.492	0.812	0.471
GEOR030104	0.651	0.684	0.394	0.565	0.0	0.734	0.591	0.292	0.642	0.423	0.833	0.576	0.599	0.578	1.0	0.582	0.591	0.553	0.745	0.602
GEOR030105	0.659	0.733	0.319	0.402	0.603	0.43	0.29	0.611	0.556	0.798	0.801	0.0	1.0	0.999	0.856	0.695	0.386	0.605	0.402	0.743
GEOR030106	0.516	0.728	0.342	0.404	0.0	0.53	0.61	0.21	0.612	0.457	0.69	0.536	0.67	0.712	1.0	0.399	0.513	0.44	0.666	0.467
GEOR030107	0.209	0.706	0.687	0.271	0.48	0.793	0.632	0.256	0.398	0.066	0.402	0.307	0.0	0.524	1.0	0.387	0.622	0.112	0.159	0.224
GEOR030108	0.7	0.94	0.432	0.419	0.0	0.752	0.875	0.059	0.57	0.407	1.0	0.564	0.829	0.697	0.225	0.365	0.277	0.52	0.673	0.401
GEOR030109	0.0	0.2	0.116	0.065	0.054	0.128	0.059	0.139	0.213	0.106	0.043	0.051	0.036	0.317	1.0	0.164	0.356	0.009	0.105	0.16
ZHOH040101	0.191	0.291	0.129	0.11	0.514	0.187	0.136	0.0	0.253	0.629	0.669	0.18	0.465	0.89	0.174	0.093	0.191	1.0	0.726	0.491
ZHOH040102	0.221	0.506	0.431	0.33	0.308	0.338	0.368	0.0	0.478	0.787	0.814	0.364	0.65	0.838	0.354	0.227	0.354	1.0	0.761	0.601
ZHOH040103	0.397	0.13	0.082	0.114	0.897	0.13	0.065	0.049	0.283	0.772	0.799	0.0	0.522	0.967	0.207	0.114	0.228	1.0	0.728	0.728
BAEK050101	0.439	0.346	0.343	0.294	1.0	0.316	0.242	0.378	0.588	0.701	0.677	0.207	0.442	0.782	0.0	0.258	0.352	0.81	0.675	0.602
HARY940101	0.157	0.768	0.379	0.317	0.294	0.51	0.459	0.0	0.569	0.602	0.6	0.633	0.619	0.772	0.353	0.181	0.335	0.794	1.0	0.448
PONJ960101	0.141	0.758	0.417	0.399	0.276	0.524	0.513	0.0	0.564	0.56	0.565	0.56	0.58	0.774	0.329	0.203	0.345	0.839	1.0	0.418
DIGM050101	0.657	1.0	0.633	0.914	0.267	0.239	0.707	0.982	0.547	0.476	0.63	0.692	0.534	0.407	0.348	0.977	0.41	0.163	0.0	0.723
WOLR790101	0.979	0.0	0.459	0.459	0.837	0.472	0.435	1.0	0.432	0.989	0.995	0.467	0.827	0.859	0.824	0.667	0.675	0.629	0.619	0.981
OLSK800101	0.595	0.0	0.159	0.224	0.616	0.095	0.306	0.578	0.284	1.0	0.634	0.065	0.767	0.741	0.366	0.371	0.384	0.353	0.203	0.858
KIDA850101	0.378	1.0	0.692	0.692	0.151	0.776	0.797	0.41	0.538	0.233	0.137	0.951	0.244	0.041	0.238	0.578	0.64	0.0	0.294	0.34
GUYH850102	0.665	0.71	0.819	0.897	0.09	0.929	0.877	0.832	0.368	0.187	0.232	1.0	0.387	0.342	0.929	0.71	0.877	0.0	0.471	0.335
GUYH850104	0.211	0.816	0.511	0.545	0.0	0.59	0.583	0.203	0.376	0.079	0.128	1.0	0.184	0.158	0.455	0.365	0.406	0.226	0.477	0.094
GUYH850105	0.189	1.0	0.504	0.464	0.204	0.643	0.404	0.207	0.418	0.0	0.129	0.704	0.175	0.089	0.414	0.346	0.35	0.304	0.457	0.054
JACR890101	0.946	0.0	0.695	0.515	0.961	0.708	0.559	0.931	0.664	0.978	0.985	0.486	0.99	1.0	0.881	0.847	0.858	0.914	0.902	0.969
COWR900101	0.66	0.176	0.306	0.433	0.763	0.323	0.467	0.557	0.0	1.0	0.998	0.061	0.846	0.983	0.768	0.401	0.494	0.914	0.682	0.885
BLAS910101	0.616	0.0	0.236	0.028	0.68	0.251	0.043	0.501	0.165	0.943	0.943	0.283	0.738	1.0	0.711	0.359	0.45	0.878	0.88	0.825
CASG920101	0.514	0.257	0.314	0.057	1.0	0.143	0.086	0.429	0.571	0.857	0.6	0.0	0.6	0.743	0.171	0.257	0.343	0.914	0.6	0.657
CORJ870101	0.496	0.363	0.182	0.016	1.0	0.2	0.035	0.465	0.405	0.909	0.693	0.0	0.621	0.666	0.156	0.273	0.401	0.674	0.561	0.834
CORJ870102	0.276	0.224	0.121	0.0	0.453	0.125	0.028	0.193	0.209	0.784	0.777	0.197	0.717	1.0	0.248	0.23	0.314	0.562	0.926	0.68
CORJ870103	0.378	0.515	0.299	0.0	0.818	0.03	0.146	0.352	0.405	0.898	1.0	0.005	0.836	0.86	0.097	0.301	0.135	0.472	0.722	0.886
CORJ870104	0.369	0.489	0.298	0.0	0.755	0.167	0.202	0.319	0.397	0.851	1.0	0.103	0.848	0.848	0.241	0.266	0.209	0.415	0.706	0.869
CORJ870105	0.477	0.45	0.074	0.0	0.598	0.456	0.285	0.305	0.808	0.986	0.974	0.012	0.836	1.0	0.16	0.276	0.372	0.586	0.794	0.892
CORJ870106	0.454	0.345	0.041	0.002	0.7	0.455	0.316	0.262	0.793	0.982	0.937	0.0	0.833	1.0	0.046	0.245	0.305	0.59	0.839	0.865
CORJ870107	0.446	0.482	0.171	0.0	0.725	0.238	0.233	0.352	0.61	0.969	1.0	0.027	0.883	0.95	0.13	0.293	0.279	0.5	0.771	0.907
CORJ870108	0.571	0.568	0.85	1.0	0.239	0.713	0.722	0.685	0.399	0.043	0.0	0.93	0.088	0.041	0.848	0.725	0.721	0.538	0.224	0.099
MIYS990101	0.688	0.827	0.885	0.912	0.403	0.864	0.918	0.809	0.694	0.121	0.0	1.0	0.282	0.021	0.836	0.861	0.77	0.306	0.427	0.288
MIYS990102	0.685	0.815	0.87	0.907	0.389	0.852	0.907	0.796	0.685	0.111	0.0	1.0	0.278	0.019	0.833	0.852	0.759	0.296	0.426	0.278
MIYS990103	0.5	0.671	0.729	0.786	0.029	0.729	0.871	0.671	0.486	0.071	0.0	1.0	0.114	0.057	0.829	0.686	0.557	0.2	0.214	0.129
MIYS990104	0.479	0.634	0.718	0.803	0.0	0.732	0.859	0.662	0.479	0.056	0.014	1.0	0.113	0.0	0.803	0.704	0.577	0.07	0.127	0.127
MIYS990105	0.492	0.651	0.683	0.825	0.016	0.762	0.857	0.492	0.492	0.079	0.016	1.0	0.127	0.0	0.698	0.698	0.603	0.095	0.159	0.159
ENGD860101	0.131	1.0	0.531	0.806	0.106	0.488	0.744	0.169	0.419	0.038	0.056	0.781	0.019	0.0	0.244	0.194	0.156	0.113	0.275	0.069
FASG890101	0.588	0.822	0.706	0.746	0.0	0.762	0.841	0.609	0.485	0.124	0.137	1.0	0.24	0.14	0.684	0.784	0.688	0.274	0.507	0.256
